(0.00, 0.74, 0.00)
(0.00, 0.74, 0.00)
(0.00, 0.74, 0.00)
(0.00, 0.74, 0.00)
(0.00, 0.74, 0.00)
(0.00, 0.74, 0.00)
(0.00, 0.74, 0.00)
(0.01, 0.74, 0.00)
(0.01, 0.74, 0.00)
(0.01, 0.74, 0.00)
(0.01, 0.74, 0.00)
(0.02, 0.74, 0.00)
(0.02, 0.74, 0.00)
(0.02, 0.74, 0.00)
(0.03, 0.74, 0.00)
(0.03, 0.74, 0.00)
(0.04, 0.73, 0.00)
(0.04, 0.73, 0.00)
(0.05, 0.73, 0.00)
(0.05, 0.73, 0.00)
(0.06, 0.73, 0.00)
(0.07, 0.73, 0.00)
(0.07, 0.73, 0.00)
(0.08, 0.73, 0.00)
(0.09, 0.73, 0.00)
(0.09, 0.73, 0.00)
(0.10, 0.73, 0.00)
(0.11, 0.73, 0.00)
(0.12, 0.73, 0.00)
(0.12, 0.73, 0.00)
(0.13, 0.73, 0.00)
(0.14, 0.73, 0.00)
(0.15, 0.72, 0.00)
(0.16, 0.72, 0.00)
(0.17, 0.72, 0.00)
(0.18, 0.72, 0.00)
(0.19, 0.72, 0.00)
(0.20, 0.72, 0.00)
(0.21, 0.72, 0.00)
(0.22, 0.72, 0.00)
(0.23, 0.72, 0.00)
(0.24, 0.72, 0.00)
(0.26, 0.72, 0.00)
(0.27, 0.72, 0.00)
(0.28, 0.72, 0.00)
(0.29, 0.72, 0.00)
(0.30, 0.71, 0.00)
(0.32, 0.71, 0.00)
(0.33, 0.71, 0.00)
(0.34, 0.71, 0.00)
(0.36, 0.71, 0.00)
(0.37, 0.71, 0.00)
(0.38, 0.71, 0.00)
(0.40, 0.71, 0.00)
(0.41, 0.71, 0.00)
(0.43, 0.71, 0.00)
(0.44, 0.71, 0.00)
(0.46, 0.71, 0.00)
(0.47, 0.71, 0.00)
(0.48, 0.71, 0.00)
(0.50, 0.71, 0.00)
(0.52, 0.71, 0.00)
(0.53, 0.71, 0.00)
(0.55, 0.71, 0.00)
(0.56, 0.71, 0.00)
(0.58, 0.71, 0.00)
(0.59, 0.71, 0.00)
(0.61, 0.71, 0.00)
(0.63, 0.71, 0.00)
(0.64, 0.71, 0.00)
(0.66, 0.71, 0.00)
(0.68, 0.71, 0.00)
(0.69, 0.71, 0.00)
(0.71, 0.71, 0.00)
(0.73, 0.71, 0.00)
(0.74, 0.71, 0.00)
(0.76, 0.71, 0.00)
(0.78, 0.71, 0.00)
(0.79, 0.71, 0.00)
(0.81, 0.71, 0.00)
(0.83, 0.71, 0.00)
(0.85, 0.71, 0.00)
(0.86, 0.71, -0.01)
(0.88, 0.71, -0.01)
(0.90, 0.71, -0.01)
(0.92, 0.71, -0.01)
(0.93, 0.71, -0.01)
(0.95, 0.71, -0.01)
(0.97, 0.71, -0.01)
(0.99, 0.71, -0.01)
(1.00, 0.71, -0.01)
(1.02, 0.71, -0.01)
(1.04, 0.72, -0.01)
(1.06, 0.72, -0.01)
(1.08, 0.72, -0.01)
(1.09, 0.72, -0.02)
(1.11, 0.72, -0.02)
(1.13, 0.72, -0.02)
(1.15, 0.72, -0.02)
(1.17, 0.72, -0.02)
(1.18, 0.72, -0.02)
(1.20, 0.72, -0.02)
(1.22, 0.72, -0.03)
(1.24, 0.72, -0.03)
(1.25, 0.72, -0.03)
(1.27, 0.72, -0.03)
(1.29, 0.72, -0.03)
(1.31, 0.72, -0.03)
(1.33, 0.73, -0.04)
(1.34, 0.73, -0.04)
(1.36, 0.73, -0.04)
(1.38, 0.73, -0.04)
(1.40, 0.73, -0.04)
(1.41, 0.73, -0.05)
(1.43, 0.73, -0.05)
(1.45, 0.73, -0.05)
(1.47, 0.73, -0.05)
(1.48, 0.73, -0.06)
(1.50, 0.74, -0.06)
(1.52, 0.74, -0.06)
(1.53, 0.74, -0.06)
(1.55, 0.74, -0.07)
(1.57, 0.74, -0.07)
(1.58, 0.74, -0.07)
(1.60, 0.74, -0.08)
(1.62, 0.74, -0.08)
(1.63, 0.74, -0.08)
(1.65, 0.75, -0.09)
(1.67, 0.75, -0.09)
(1.68, 0.75, -0.09)
(1.70, 0.75, -0.10)
(1.71, 0.75, -0.10)
(1.73, 0.75, -0.10)
(1.74, 0.75, -0.11)
(1.76, 0.75, -0.11)
(1.78, 0.76, -0.12)
(1.79, 0.76, -0.12)
(1.81, 0.76, -0.12)
(1.82, 0.76, -0.13)
(1.83, 0.76, -0.13)
(1.85, 0.76, -0.14)
(1.86, 0.76, -0.14)
(1.88, 0.76, -0.15)
(1.89, 0.77, -0.15)
(1.91, 0.77, -0.16)
(1.92, 0.77, -0.16)
(1.93, 0.77, -0.17)
(1.95, 0.77, -0.17)
(1.96, 0.77, -0.18)
(1.97, 0.77, -0.18)
(1.99, 0.78, -0.19)
(2.00, 0.78, -0.19)
(2.01, 0.78, -0.20)
(2.03, 0.78, -0.20)
(2.04, 0.78, -0.21)
(2.05, 0.78, -0.22)
(2.06, 0.78, -0.22)
(2.07, 0.79, -0.23)
(2.08, 0.79, -0.23)
(2.10, 0.79, -0.24)
(2.11, 0.79, -0.24)
(2.12, 0.79, -0.25)
(2.13, 0.79, -0.26)
(2.14, 0.79, -0.26)
(2.15, 0.80, -0.27)
(2.16, 0.80, -0.28)
(2.17, 0.80, -0.28)
(2.18, 0.80, -0.29)
(2.19, 0.80, -0.30)
(2.20, 0.80, -0.30)
(2.21, 0.81, -0.31)
(2.22, 0.81, -0.32)
(2.23, 0.81, -0.32)
(2.24, 0.81, -0.33)
(2.24, 0.81, -0.34)
(2.25, 0.81, -0.34)
(2.26, 0.81, -0.35)
(2.27, 0.82, -0.36)
(2.28, 0.82, -0.36)
(2.28, 0.82, -0.37)
(2.29, 0.82, -0.38)
(2.30, 0.82, -0.39)
(2.30, 0.82, -0.39)
(2.31, 0.83, -0.40)
(2.32, 0.83, -0.41)
(2.32, 0.83, -0.42)
(2.33, 0.83, -0.42)
(2.34, 0.83, -0.43)
(2.34, 0.83, -0.44)
(2.35, 0.84, -0.45)
(2.35, 0.84, -0.45)
(2.36, 0.84, -0.46)
(2.36, 0.84, -0.47)
(2.36, 0.84, -0.48)
(2.37, 0.84, -0.48)
(2.37, 0.84, -0.49)
(2.38, 0.85, -0.50)
(2.38, 0.85, -0.51)
(2.38, 0.85, -0.51)
(2.39, 0.85, -0.52)
(2.39, 0.85, -0.53)
(2.39, 0.85, -0.54)
(2.39, 0.86, -0.55)
(2.40, 0.86, -0.55)
(2.40, 0.86, -0.56)
(2.40, 0.86, -0.57)
(2.40, 0.86, -0.58)
(2.40, 0.86, -0.58)
(2.40, 0.87, -0.59)
(2.40, 0.87, -0.60)
(2.40, 0.87, -0.61)
(2.41, 0.87, -0.62)
(2.41, 0.87, -0.62)
(2.41, 0.87, -0.63)
(2.40, 0.87, -0.64)
(2.40, 0.88, -0.65)
(2.40, 0.88, -0.65)
(2.40, 0.88, -0.66)
(2.40, 0.88, -0.67)
(2.40, 0.88, -0.68)
(2.40, 0.88, -0.68)
(2.40, 0.89, -0.69)
(2.39, 0.89, -0.70)
(2.39, 0.89, -0.71)
(2.39, 0.89, -0.72)
(2.39, 0.89, -0.72)
(2.38, 0.89, -0.73)
(2.38, 0.90, -0.74)
(2.38, 0.90, -0.75)
(2.37, 0.90, -0.75)
(2.37, 0.90, -0.76)
(2.37, 0.90, -0.77)
(2.36, 0.90, -0.78)
(2.36, 0.91, -0.78)
(2.35, 0.91, -0.79)
(2.35, 0.91, -0.80)
(2.34, 0.91, -0.80)
(2.34, 0.91, -0.81)
(2.33, 0.91, -0.82)
(2.33, 0.92, -0.83)
(2.32, 0.92, -0.83)
(2.31, 0.92, -0.84)
(2.31, 0.92, -0.85)
(2.30, 0.92, -0.86)
(2.30, 0.92, -0.86)
(2.29, 0.93, -0.87)
(2.28, 0.93, -0.88)
(2.27, 0.93, -0.88)
(2.27, 0.93, -0.89)
(2.26, 0.93, -0.90)
(2.25, 0.94, -0.90)
(2.24, 0.94, -0.91)
(2.24, 0.94, -0.92)
(2.23, 0.94, -0.92)
(2.22, 0.94, -0.93)
(2.21, 0.95, -0.94)
(2.20, 0.95, -0.94)
(2.19, 0.95, -0.95)
(2.18, 0.95, -0.96)
(2.17, 0.95, -0.96)
(2.16, 0.95, -0.97)
(2.15, 0.96, -0.98)
(2.14, 0.96, -0.98)
(2.13, 0.96, -0.99)
(2.12, 0.96, -1.00)
(2.11, 0.96, -1.00)
(2.10, 0.97, -1.01)
(2.09, 0.97, -1.02)
(2.08, 0.97, -1.02)
(2.07, 0.97, -1.03)
(2.06, 0.98, -1.03)
(2.05, 0.98, -1.04)
(2.04, 0.98, -1.05)
(2.03, 0.98, -1.05)
(2.01, 0.98, -1.06)
(2.00, 0.99, -1.07)
(1.99, 0.99, -1.07)
(1.98, 0.99, -1.08)
(1.96, 0.99, -1.08)
(1.95, 1.00, -1.09)
(1.94, 1.00, -1.09)
(1.93, 1.00, -1.10)
(1.91, 1.00, -1.11)
(1.90, 1.00, -1.11)
(1.89, 1.01, -1.12)
(1.87, 1.01, -1.12)
(1.86, 1.01, -1.13)
(1.85, 1.01, -1.14)
(1.83, 1.02, -1.14)
(1.82, 1.02, -1.15)
(1.81, 1.02, -1.15)
(1.79, 1.02, -1.16)
(1.78, 1.03, -1.16)
(1.76, 1.03, -1.17)
(1.75, 1.03, -1.18)
(1.74, 1.03, -1.18)
(1.72, 1.04, -1.19)
(1.71, 1.04, -1.19)
(1.69, 1.04, -1.20)
(1.68, 1.05, -1.20)
(1.66, 1.05, -1.21)
(1.65, 1.05, -1.22)
(1.63, 1.05, -1.22)
(1.62, 1.06, -1.23)
(1.60, 1.06, -1.23)
(1.59, 1.06, -1.24)
(1.57, 1.07, -1.24)
(1.55, 1.07, -1.25)
(1.54, 1.07, -1.25)
(1.52, 1.07, -1.26)
(1.51, 1.08, -1.27)
(1.49, 1.08, -1.27)
(1.48, 1.08, -1.28)
(1.46, 1.09, -1.28)
(1.44, 1.09, -1.29)
(1.43, 1.09, -1.29)
(1.41, 1.10, -1.30)
(1.40, 1.10, -1.30)
(1.38, 1.10, -1.31)
(1.36, 1.11, -1.32)
(1.35, 1.11, -1.32)
(1.33, 1.11, -1.33)
(1.31, 1.12, -1.33)
(1.30, 1.12, -1.34)
(1.28, 1.12, -1.34)
(1.26, 1.13, -1.35)
(1.25, 1.13, -1.35)
(1.23, 1.13, -1.36)
(1.21, 1.14, -1.37)
(1.20, 1.14, -1.37)
(1.18, 1.14, -1.38)
(1.16, 1.15, -1.38)
(1.15, 1.15, -1.39)
(1.13, 1.16, -1.39)
(1.11, 1.16, -1.40)
(1.09, 1.16, -1.41)
(1.08, 1.17, -1.41)
(1.06, 1.17, -1.42)
(1.04, 1.17, -1.42)
(1.03, 1.18, -1.43)
(1.01, 1.18, -1.44)
(0.99, 1.19, -1.44)
(0.98, 1.19, -1.45)
(0.96, 1.19, -1.45)
(0.94, 1.20, -1.46)
(0.92, 1.20, -1.47)
(0.91, 1.21, -1.47)
(0.89, 1.21, -1.48)
(0.87, 1.22, -1.48)
(0.86, 1.22, -1.49)
(0.84, 1.22, -1.50)
(0.82, 1.23, -1.50)
(0.80, 1.23, -1.51)
(0.79, 1.24, -1.51)
(0.77, 1.24, -1.52)
(0.75, 1.25, -1.53)
(0.74, 1.25, -1.53)
(0.72, 1.25, -1.54)
(0.70, 1.26, -1.55)
(0.68, 1.26, -1.55)
(0.67, 1.27, -1.56)
(0.65, 1.27, -1.56)
(0.63, 1.28, -1.57)
(0.62, 1.28, -1.58)
(0.60, 1.29, -1.58)
(0.58, 1.29, -1.59)
(0.57, 1.30, -1.60)
(0.55, 1.30, -1.60)
(0.53, 1.31, -1.61)
(0.51, 1.31, -1.62)
(0.50, 1.32, -1.62)
(0.48, 1.32, -1.63)
(0.46, 1.32, -1.64)
(0.45, 1.33, -1.64)
(0.43, 1.33, -1.65)
(0.41, 1.34, -1.66)
(0.40, 1.34, -1.66)
(0.38, 1.35, -1.67)
(0.37, 1.36, -1.68)
(0.35, 1.36, -1.68)
(0.33, 1.37, -1.69)
(0.32, 1.37, -1.70)
(0.30, 1.38, -1.70)
(0.28, 1.38, -1.71)
(0.27, 1.39, -1.72)
(0.25, 1.39, -1.72)
(0.24, 1.40, -1.73)
(0.22, 1.40, -1.74)
(0.20, 1.41, -1.74)
(0.19, 1.41, -1.75)
(0.17, 1.42, -1.76)
(0.16, 1.42, -1.76)
(0.14, 1.43, -1.77)
(0.13, 1.44, -1.78)
(0.11, 1.44, -1.79)
(0.09, 1.45, -1.79)
(0.08, 1.45, -1.80)
(0.06, 1.46, -1.81)
(0.05, 1.46, -1.81)
(0.03, 1.47, -1.82)
(0.02, 1.47, -1.83)
(0.00, 1.48, -1.83)
(-0.01, 1.49, -1.84)
(-0.03, 1.49, -1.85)
(-0.04, 1.50, -1.86)
(-0.06, 1.50, -1.86)
(-0.07, 1.51, -1.87)
(-0.09, 1.52, -1.88)
(-0.10, 1.52, -1.88)
(-0.11, 1.53, -1.89)
(-0.13, 1.53, -1.90)
(-0.14, 1.54, -1.91)
(-0.16, 1.55, -1.91)
(-0.17, 1.55, -1.92)
(-0.18, 1.56, -1.93)
(-0.20, 1.56, -1.94)
(-0.21, 1.57, -1.94)
(-0.23, 1.58, -1.95)
(-0.24, 1.58, -1.96)
(-0.25, 1.59, -1.96)
(-0.27, 1.60, -1.97)
(-0.28, 1.60, -1.98)
(-0.29, 1.61, -1.99)
(-0.31, 1.62, -1.99)
(-0.32, 1.62, -2.00)
(-0.33, 1.63, -2.01)
(-0.35, 1.63, -2.01)
(-0.36, 1.64, -2.02)
(-0.37, 1.65, -2.03)
(-0.38, 1.65, -2.04)
(-0.40, 1.66, -2.04)
(-0.41, 1.67, -2.05)
(-0.42, 1.67, -2.06)
(-0.43, 1.68, -2.06)
(-0.45, 1.69, -2.07)
(-0.46, 1.69, -2.08)
(-0.47, 1.70, -2.09)
(-0.48, 1.71, -2.09)
(-0.49, 1.72, -2.10)
(-0.50, 1.72, -2.11)
(-0.52, 1.73, -2.12)
(-0.53, 1.74, -2.12)
(-0.54, 1.74, -2.13)
(-0.55, 1.75, -2.14)
(-0.56, 1.76, -2.14)
(-0.57, 1.76, -2.15)
(-0.58, 1.77, -2.16)
(-0.59, 1.78, -2.16)
(-0.60, 1.78, -2.17)
(-0.62, 1.79, -2.18)
(-0.63, 1.80, -2.19)
(-0.64, 1.81, -2.19)
(-0.65, 1.81, -2.20)
(-0.66, 1.82, -2.21)
(-0.67, 1.83, -2.21)
(-0.68, 1.84, -2.22)
(-0.69, 1.84, -2.23)
(-0.70, 1.85, -2.24)
(-0.71, 1.86, -2.24)
(-0.72, 1.86, -2.25)
(-0.73, 1.87, -2.26)
(-0.74, 1.88, -2.26)
(-0.74, 1.89, -2.27)
(-0.75, 1.89, -2.28)
(-0.76, 1.90, -2.28)
(-0.77, 1.91, -2.29)
(-0.78, 1.92, -2.30)
(-0.79, 1.93, -2.30)
(-0.80, 1.93, -2.31)
(-0.81, 1.94, -2.32)
(-0.82, 1.95, -2.32)
(-0.82, 1.96, -2.33)
(-0.83, 1.96, -2.34)
(-0.84, 1.97, -2.34)
(-0.85, 1.98, -2.35)
(-0.86, 1.99, -2.36)
(-0.86, 1.99, -2.36)
(-0.87, 2.00, -2.37)
(-0.88, 2.01, -2.38)
(-0.89, 2.02, -2.38)
(-0.89, 2.03, -2.39)
(-0.90, 2.03, -2.40)
(-0.91, 2.04, -2.40)
(-0.92, 2.05, -2.41)
(-0.92, 2.06, -2.42)
(-0.93, 2.07, -2.42)
(-0.94, 2.08, -2.43)
(-0.94, 2.08, -2.44)
(-0.95, 2.09, -2.44)
(-0.96, 2.10, -2.45)
(-0.96, 2.11, -2.46)
(-0.97, 2.12, -2.46)
(-0.98, 2.12, -2.47)
(-0.98, 2.13, -2.48)
(-0.99, 2.14, -2.48)
(-0.99, 2.15, -2.49)
(-1.00, 2.16, -2.49)
(-1.01, 2.17, -2.50)
(-1.01, 2.17, -2.51)
(-1.02, 2.18, -2.51)
(-1.02, 2.19, -2.52)
(-1.03, 2.20, -2.53)
(-1.03, 2.21, -2.53)
(-1.04, 2.22, -2.54)
(-1.04, 2.23, -2.55)
(-1.05, 2.24, -2.55)
(-1.05, 2.24, -2.56)
(-1.06, 2.25, -2.56)
(-1.06, 2.26, -2.57)
(-1.07, 2.27, -2.58)
(-1.07, 2.28, -2.58)
(-1.08, 2.29, -2.59)
(-1.08, 2.30, -2.59)
(-1.09, 2.31, -2.60)
(-1.09, 2.31, -2.61)
(-1.09, 2.32, -2.61)
(-1.10, 2.33, -2.62)
(-1.10, 2.34, -2.63)
(-1.11, 2.35, -2.63)
(-1.11, 2.36, -2.64)
(-1.11, 2.37, -2.64)
(-1.12, 2.38, -2.65)
(-1.12, 2.39, -2.66)
(-1.12, 2.40, -2.66)
(-1.13, 2.41, -2.67)
(-1.13, 2.41, -2.67)
(-1.13, 2.42, -2.68)
(-1.14, 2.43, -2.69)
(-1.14, 2.44, -2.69)
(-1.14, 2.45, -2.70)
(-1.14, 2.46, -2.70)
(-1.15, 2.47, -2.71)
(-1.15, 2.48, -2.72)
(-1.15, 2.49, -2.72)
(-1.16, 2.50, -2.73)
(-1.16, 2.51, -2.73)
(-1.16, 2.52, -2.74)
(-1.16, 2.53, -2.75)
(-1.16, 2.54, -2.75)
(-1.17, 2.55, -2.76)
(-1.17, 2.56, -2.76)
(-1.17, 2.57, -2.77)
(-1.17, 2.58, -2.78)
(-1.17, 2.59, -2.78)
(-1.18, 2.60, -2.79)
(-1.18, 2.61, -2.79)
(-1.18, 2.62, -2.80)
(-1.18, 2.62, -2.81)
(-1.18, 2.63, -2.81)
(-1.18, 2.64, -2.82)
(-1.18, 2.65, -2.82)
(-1.19, 2.66, -2.83)
(-1.19, 2.67, -2.84)
(-1.19, 2.68, -2.84)
(-1.19, 2.69, -2.85)
(-1.19, 2.71, -2.85)
(-1.19, 2.72, -2.86)
(-1.19, 2.73, -2.87)
(-1.19, 2.74, -2.87)
(-1.19, 2.75, -2.88)
(-1.19, 2.76, -2.88)
(-1.19, 2.77, -2.89)
(-1.20, 2.78, -2.90)
(-1.20, 2.79, -2.90)
(-1.20, 2.80, -2.91)
(-1.20, 2.81, -2.91)
(-1.20, 2.82, -2.92)
(-1.20, 2.83, -2.93)
(-1.20, 2.84, -2.93)
(-1.20, 2.85, -2.94)
(-1.20, 2.86, -2.94)
(-1.20, 2.87, -2.95)
(-1.20, 2.88, -2.96)
(-1.20, 2.89, -2.96)
(-1.20, 2.90, -2.97)
(-1.20, 2.91, -2.97)
(-1.20, 2.92, -2.98)
(-1.20, 2.94, -2.99)
(-1.20, 2.95, -2.99)
(-1.20, 2.96, -3.00)
(-1.20, 2.97, -3.01)
(-1.19, 2.98, -3.01)
(-1.19, 2.99, -3.02)
(-1.19, 3.00, -3.02)
(-1.19, 3.01, -3.03)
(-1.19, 3.02, -3.04)
(-1.19, 3.03, -3.04)
(-1.19, 3.04, -3.05)
(-1.19, 3.06, -3.05)
(-1.19, 3.07, -3.06)
(-1.19, 3.08, -3.07)
(-1.19, 3.09, -3.07)
(-1.19, 3.10, -3.08)
(-1.18, 3.11, -3.09)
(-1.18, 3.12, -3.09)
(-1.18, 3.13, -3.10)
(-1.18, 3.15, -3.10)
(-1.18, 3.16, -3.11)
(-1.18, 3.17, -3.12)
(-1.18, 3.18, -3.12)
(-1.18, 3.19, -3.13)
(-1.18, 3.20, -3.14)
(-1.17, 3.22, -3.14)
(-1.17, 3.23, -3.15)
(-1.17, 3.24, -3.15)
(-1.17, 3.25, -3.16)
(-1.17, 3.26, -3.17)
(-1.17, 3.27, -3.17)
(-1.16, 3.29, -3.18)
(-1.16, 3.30, -3.19)
(-1.16, 3.31, -3.19)
(-1.16, 3.32, -3.20)
(-1.16, 3.33, -3.20)
(-1.16, 3.34, -3.21)
(-1.15, 3.36, -3.22)
(-1.15, 3.37, -3.22)
(-1.15, 3.38, -3.23)
(-1.15, 3.39, -3.24)
(-1.15, 3.40, -3.24)
(-1.14, 3.42, -3.25)
(-1.14, 3.43, -3.26)
(-1.14, 3.44, -3.26)
(-1.14, 3.45, -3.27)
(-1.14, 3.46, -3.27)
(-1.13, 3.48, -3.28)
(-1.13, 3.49, -3.29)
(-1.13, 3.50, -3.29)
(-1.13, 3.51, -3.30)
(-1.13, 3.53, -3.31)
(-1.12, 3.54, -3.31)
(-1.12, 3.55, -3.32)
(-1.12, 3.56, -3.33)
(-1.12, 3.58, -3.33)
(-1.12, 3.59, -3.34)
(-1.11, 3.60, -3.34)
(-1.11, 3.61, -3.35)
(-1.11, 3.63, -3.36)
(-1.11, 3.64, -3.36)
(-1.10, 3.65, -3.37)
(-1.10, 3.66, -3.38)
(-1.10, 3.68, -3.38)
(-1.10, 3.69, -3.39)
(-1.09, 3.70, -3.40)
(-1.09, 3.72, -3.40)
(-1.09, 3.73, -3.41)
(-1.09, 3.74, -3.42)
(-1.08, 3.75, -3.42)
(-1.08, 3.77, -3.43)
(-1.08, 3.78, -3.44)
(-1.08, 3.79, -3.44)
(-1.07, 3.81, -3.45)
(-1.07, 3.82, -3.45)
(-1.07, 3.83, -3.46)
(-1.07, 3.85, -3.47)
(-1.06, 3.86, -3.47)
(-1.06, 3.87, -3.48)
(-1.06, 3.89, -3.49)
(-1.06, 3.90, -3.49)
(-1.05, 3.91, -3.50)
(-1.05, 3.93, -3.51)
(-1.05, 3.94, -3.51)
(-1.05, 3.95, -3.52)
(-1.04, 3.97, -3.53)
(-1.04, 3.98, -3.53)
(-1.04, 3.99, -3.54)
(-1.03, 4.01, -3.55)
(-1.03, 4.02, -3.55)
(-1.03, 4.03, -3.56)
(-1.03, 4.05, -3.56)
(-1.02, 4.06, -3.57)
(-1.02, 4.07, -3.58)
(-1.02, 4.09, -3.58)
(-1.02, 4.10, -3.59)
(-1.01, 4.11, -3.60)
(-1.01, 4.13, -3.60)
(-1.01, 4.14, -3.61)
(-1.00, 4.16, -3.62)
(-1.00, 4.17, -3.62)
(-1.00, 4.18, -3.63)
(-1.00, 4.20, -3.64)
(-0.99, 4.21, -3.64)
(-0.99, 4.23, -3.65)
(-0.99, 4.24, -3.65)
(-0.98, 4.25, -3.66)
(-0.98, 4.27, -3.67)
(-0.98, 4.28, -3.67)
(-0.98, 4.30, -3.68)
(-0.97, 4.31, -3.69)
(-0.97, 4.33, -3.69)
(-0.97, 4.34, -3.70)
(-0.97, 4.35, -3.71)
(-0.96, 4.37, -3.71)
(-0.96, 4.38, -3.72)
(-0.96, 4.40, -3.72)
(-0.95, 4.41, -3.73)
(-0.95, 4.43, -3.74)
(-0.95, 4.44, -3.74)
(-0.95, 4.45, -3.75)
(-0.94, 4.47, -3.76)
(-0.94, 4.48, -3.76)
(-0.94, 4.50, -3.77)
(-0.93, 4.51, -3.78)
(-0.93, 4.53, -3.78)
(-0.93, 4.54, -3.79)
(-0.93, 4.56, -3.79)
(-0.92, 4.57, -3.80)
(-0.92, 4.59, -3.81)
(-0.92, 4.60, -3.81)
(-0.91, 4.62, -3.82)
(-0.91, 4.63, -3.83)
(-0.91, 4.65, -3.83)
(-0.91, 4.66, -3.84)
(-0.90, 4.68, -3.85)
(-0.90, 4.69, -3.85)
(-0.90, 4.71, -3.86)
(-0.89, 4.72, -3.86)
(-0.89, 4.74, -3.87)
(-0.89, 4.75, -3.88)
(-0.88, 4.77, -3.88)
(-0.88, 4.78, -3.89)
(-0.88, 4.80, -3.90)
(-0.88, 4.81, -3.90)
(-0.87, 4.83, -3.91)
(-0.87, 4.84, -3.91)
(-0.87, 4.86, -3.92)
(-0.86, 4.87, -3.93)
(-0.86, 4.89, -3.93)
(-0.86, 4.90, -3.94)
(-0.85, 4.92, -3.95)
(-0.85, 4.93, -3.95)
(-0.85, 4.95, -3.96)
(-0.84, 4.97, -3.96)
(-0.84, 4.98, -3.97)
(-0.83, 5.00, -3.98)
(-0.83, 5.01, -3.98)
(-0.82, 5.03, -3.99)
(-0.81, 5.04, -3.99)
(-0.81, 5.06, -4.00)
(-0.80, 5.08, -4.01)
(-0.79, 5.09, -4.01)
(-0.79, 5.11, -4.02)
(-0.78, 5.12, -4.03)
(-0.77, 5.14, -4.03)
(-0.77, 5.16, -4.04)
(-0.76, 5.17, -4.04)
(-0.75, 5.19, -4.05)
(-0.75, 5.20, -4.06)
(-0.74, 5.22, -4.06)
(-0.73, 5.24, -4.07)
(-0.72, 5.25, -4.07)
(-0.72, 5.27, -4.08)
(-0.71, 5.28, -4.09)
(-0.70, 5.30, -4.09)
(-0.69, 5.32, -4.10)
(-0.69, 5.33, -4.10)
(-0.68, 5.35, -4.11)
(-0.67, 5.37, -4.12)
(-0.66, 5.38, -4.12)
(-0.65, 5.40, -4.13)
(-0.64, 5.42, -4.13)
(-0.64, 5.43, -4.14)
(-0.63, 5.45, -4.15)
(-0.62, 5.47, -4.15)
(-0.61, 5.48, -4.16)
(-0.60, 5.50, -4.16)
(-0.59, 5.51, -4.17)
(-0.58, 5.53, -4.18)
(-0.57, 5.55, -4.18)
(-0.56, 5.56, -4.19)
(-0.55, 5.58, -4.19)
(-0.53, 5.60, -4.20)
(-0.52, 5.61, -4.21)
(-0.51, 5.63, -4.21)
(-0.50, 5.65, -4.22)
(-0.49, 5.66, -4.22)
(-0.47, 5.68, -4.23)
(-0.46, 5.70, -4.24)
(-0.45, 5.71, -4.24)
(-0.44, 5.73, -4.25)
(-0.42, 5.74, -4.25)
(-0.41, 5.76, -4.26)
(-0.39, 5.78, -4.27)
(-0.37, 5.79, -4.27)
(-0.36, 5.81, -4.28)
(-0.34, 5.82, -4.28)
(-0.32, 5.84, -4.29)
(-0.31, 5.85, -4.29)
(-0.29, 5.87, -4.30)
(-0.27, 5.88, -4.31)
(-0.25, 5.90, -4.31)
(-0.23, 5.91, -4.32)
(-0.21, 5.93, -4.32)
(-0.19, 5.94, -4.33)
(-0.17, 5.96, -4.34)
(-0.14, 5.97, -4.34)
(-0.12, 5.99, -4.35)
(-0.10, 6.00, -4.35)
(-0.08, 6.02, -4.36)
(-0.06, 6.03, -4.36)
(-0.03, 6.05, -4.37)
(-0.01, 6.06, -4.38)
(0.01, 6.08, -4.38)
(0.04, 6.09, -4.39)
(0.06, 6.11, -4.39)
(0.09, 6.12, -4.40)
(0.11, 6.13, -4.40)
(0.14, 6.15, -4.41)
(0.17, 6.16, -4.41)
(0.19, 6.18, -4.42)
(0.22, 6.19, -4.43)
(0.25, 6.20, -4.43)
(0.28, 6.22, -4.44)
(0.31, 6.23, -4.44)
(0.34, 6.24, -4.45)
(0.37, 6.25, -4.45)
(0.41, 6.27, -4.46)
(0.44, 6.28, -4.47)
(0.47, 6.29, -4.47)
(0.51, 6.30, -4.48)
(0.54, 6.31, -4.48)
(0.58, 6.32, -4.49)
(0.61, 6.33, -4.49)
(0.65, 6.34, -4.50)
(0.69, 6.35, -4.50)
(0.73, 6.36, -4.51)
(0.76, 6.37, -4.51)
(0.80, 6.38, -4.52)
(0.84, 6.39, -4.53)
(0.88, 6.40, -4.53)
(0.92, 6.41, -4.54)
(0.97, 6.42, -4.54)
(1.01, 6.43, -4.55)
(1.05, 6.44, -4.55)
(1.09, 6.45, -4.56)
(1.14, 6.45, -4.56)
(1.18, 6.46, -4.57)
(1.23, 6.47, -4.57)
(1.27, 6.48, -4.58)
(1.32, 6.49, -4.58)
(1.36, 6.49, -4.59)
(1.41, 6.50, -4.59)
(1.46, 6.51, -4.60)
(1.51, 6.51, -4.61)
(1.56, 6.52, -4.61)
(1.61, 6.53, -4.62)
(1.66, 6.53, -4.62)
(1.71, 6.54, -4.63)
(1.76, 6.54, -4.63)
(1.81, 6.55, -4.64)
(1.87, 6.55, -4.64)
(1.92, 6.56, -4.65)
(1.97, 6.56, -4.65)
(2.03, 6.57, -4.66)
(2.09, 6.57, -4.66)
(2.14, 6.58, -4.67)
(2.20, 6.58, -4.67)
(2.26, 6.58, -4.68)
(2.31, 6.59, -4.68)
(2.37, 6.59, -4.69)
(2.43, 6.59, -4.69)
(2.49, 6.59, -4.70)
(2.55, 6.60, -4.70)
(2.62, 6.60, -4.71)
(2.68, 6.60, -4.71)
(2.74, 6.60, -4.72)
(2.80, 6.60, -4.72)
(2.87, 6.60, -4.73)
(2.93, 6.60, -4.73)
(3.00, 6.60, -4.74)
(3.06, 6.60, -4.74)
(3.13, 6.60, -4.75)
(3.20, 6.60, -4.75)
(3.26, 6.60, -4.76)
(3.33, 6.60, -4.76)
(3.40, 6.60, -4.77)
(3.47, 6.60, -4.77)
(3.54, 6.60, -4.78)
(3.61, 6.60, -4.78)
(3.68, 6.60, -4.79)
(3.75, 6.59, -4.79)
(3.83, 6.59, -4.80)
(3.90, 6.59, -4.80)
(3.97, 6.59, -4.80)
(4.05, 6.58, -4.81)
(4.12, 6.58, -4.81)
(4.19, 6.58, -4.82)
(4.27, 6.57, -4.82)
(4.35, 6.57, -4.83)
(4.42, 6.57, -4.83)
(4.50, 6.56, -4.84)
(4.58, 6.56, -4.84)
(4.65, 6.56, -4.85)
(4.73, 6.55, -4.85)
(4.81, 6.55, -4.86)
(4.89, 6.54, -4.86)
(4.97, 6.54, -4.87)
(5.05, 6.53, -4.87)
(5.13, 6.53, -4.87)
(5.21, 6.52, -4.88)
(5.30, 6.52, -4.88)
(5.38, 6.51, -4.89)
(5.46, 6.51, -4.89)
(5.55, 6.50, -4.90)
(5.63, 6.49, -4.90)
(5.72, 6.49, -4.91)
(5.80, 6.48, -4.91)
(5.89, 6.47, -4.91)
(5.98, 6.47, -4.92)
(6.06, 6.46, -4.92)
(6.15, 6.45, -4.93)
(6.24, 6.45, -4.93)
(6.33, 6.44, -4.94)
(6.43, 6.43, -4.94)
(6.52, 6.42, -4.95)
(6.61, 6.42, -4.95)
(6.70, 6.41, -4.95)
(6.79, 6.40, -4.96)
(6.89, 6.39, -4.96)
(6.98, 6.38, -4.97)
(7.08, 6.37, -4.97)
(7.17, 6.37, -4.98)
(7.27, 6.36, -4.98)
(7.36, 6.35, -4.98)
(7.46, 6.34, -4.99)
(7.55, 6.33, -4.99)
(7.65, 6.32, -5.00)
(7.74, 6.31, -5.00)
(7.84, 6.30, -5.01)
(7.94, 6.29, -5.01)
(8.04, 6.28, -5.01)
(8.14, 6.28, -5.02)
(8.23, 6.27, -5.02)
(8.33, 6.26, -5.03)
(8.43, 6.25, -5.03)
(8.53, 6.24, -5.03)
(8.63, 6.23, -5.04)
(8.73, 6.22, -5.04)
(8.83, 6.21, -5.05)
(8.94, 6.20, -5.05)
(9.04, 6.18, -5.06)
(9.14, 6.17, -5.06)
(9.24, 6.16, -5.06)
(9.35, 6.15, -5.07)
(9.45, 6.14, -5.07)
(9.55, 6.13, -5.08)
(9.66, 6.12, -5.08)
(9.76, 6.11, -5.09)
(9.87, 6.10, -5.09)
(9.97, 6.09, -5.09)
(10.08, 6.07, -5.10)
(10.18, 6.06, -5.10)
(10.29, 6.05, -5.11)
(10.40, 6.04, -5.11)
(10.50, 6.03, -5.11)
(10.61, 6.02, -5.12)
(10.72, 6.00, -5.12)
(10.83, 5.99, -5.12)
(10.94, 5.98, -5.12)
(11.05, 5.97, -5.13)
(11.16, 5.95, -5.13)
(11.26, 5.94, -5.13)
(11.37, 5.93, -5.13)
(11.48, 5.92, -5.13)
(11.60, 5.90, -5.13)
(11.71, 5.89, -5.13)
(11.82, 5.88, -5.13)
(11.93, 5.86, -5.13)
(12.04, 5.85, -5.13)
(12.15, 5.84, -5.13)
(12.27, 5.82, -5.13)
(12.38, 5.81, -5.13)
(12.49, 5.80, -5.13)
(12.61, 5.78, -5.13)
(12.72, 5.77, -5.13)
(12.83, 5.76, -5.12)
(12.95, 5.74, -5.12)
(13.06, 5.73, -5.12)
(13.18, 5.71, -5.12)
(13.29, 5.70, -5.11)
(13.41, 5.69, -5.11)
(13.52, 5.67, -5.10)
(13.64, 5.66, -5.10)
(13.75, 5.64, -5.09)
(13.87, 5.63, -5.09)
(13.99, 5.61, -5.08)
(14.10, 5.60, -5.08)
(14.22, 5.58, -5.07)
(14.34, 5.57, -5.07)
(14.45, 5.55, -5.06)
(14.57, 5.54, -5.05)
(14.69, 5.52, -5.05)
(14.81, 5.51, -5.04)
(14.93, 5.49, -5.03)
(15.04, 5.48, -5.02)
(15.16, 5.46, -5.01)
(15.28, 5.45, -5.00)
(15.40, 5.43, -4.99)
(15.52, 5.42, -4.98)
(15.64, 5.40, -4.97)
(15.76, 5.38, -4.96)
(15.88, 5.37, -4.95)
(16.00, 5.35, -4.94)
(16.12, 5.34, -4.92)
(16.24, 5.32, -4.91)
(16.36, 5.30, -4.90)
(16.48, 5.29, -4.88)
(16.60, 5.27, -4.87)
(16.72, 5.25, -4.85)
(16.84, 5.23, -4.84)
(16.96, 5.22, -4.82)
(17.08, 5.20, -4.81)
(17.20, 5.18, -4.79)
(17.32, 5.17, -4.77)
(17.45, 5.15, -4.75)
(17.57, 5.13, -4.74)
(17.69, 5.11, -4.72)
(17.81, 5.10, -4.70)
(17.93, 5.08, -4.68)
(18.05, 5.06, -4.66)
(18.18, 5.04, -4.64)
(18.30, 5.02, -4.62)
(18.42, 5.01, -4.59)
(18.54, 4.99, -4.57)
(18.66, 4.97, -4.55)
(18.79, 4.95, -4.53)
(18.91, 4.93, -4.51)
(19.03, 4.91, -4.48)
(19.15, 4.89, -4.46)
(19.28, 4.88, -4.43)
(19.40, 4.86, -4.41)
(19.52, 4.84, -4.39)
(19.64, 4.82, -4.36)
(19.77, 4.80, -4.34)
(19.89, 4.78, -4.31)
(20.01, 4.76, -4.28)
(20.13, 4.75, -4.26)
(20.26, 4.73, -4.23)
(20.38, 4.71, -4.20)
(20.50, 4.69, -4.18)
(20.62, 4.67, -4.15)
(20.75, 4.65, -4.12)
(20.87, 4.63, -4.10)
(20.99, 4.62, -4.07)
(21.11, 4.60, -4.04)
(21.24, 4.58, -4.01)
(21.36, 4.56, -3.99)
(21.48, 4.54, -3.96)
(21.60, 4.52, -3.93)
(21.73, 4.50, -3.90)
(21.85, 4.49, -3.88)
(21.97, 4.47, -3.85)
(22.09, 4.45, -3.82)
(22.22, 4.43, -3.79)
(22.34, 4.41, -3.76)
(22.46, 4.39, -3.74)
(22.58, 4.38, -3.71)
(22.71, 4.36, -3.68)
(22.83, 4.34, -3.65)
(22.95, 4.32, -3.63)
(23.07, 4.30, -3.60)
(23.20, 4.29, -3.57)
(23.32, 4.27, -3.55)
(23.44, 4.25, -3.52)
(23.56, 4.23, -3.49)
(23.68, 4.21, -3.47)
(23.81, 4.20, -3.44)
(23.93, 4.18, -3.41)
(24.05, 4.16, -3.39)
(24.14, 4.14, -3.42)
(24.24, 4.13, -3.44)
(24.34, 4.12, -3.46)
(24.44, 4.10, -3.47)
(24.54, 4.08, -3.47)
(24.65, 4.07, -3.48)
(24.75, 4.05, -3.49)
(24.86, 4.04, -3.49)
(24.96, 4.02, -3.50)
(25.07, 4.00, -3.50)
(25.17, 3.99, -3.51)
(25.28, 3.97, -3.52)
(25.38, 3.96, -3.52)
(25.49, 3.94, -3.53)
(25.59, 3.93, -3.54)
(25.69, 3.91, -3.55)
(25.80, 3.90, -3.56)
(25.90, 3.88, -3.56)
(26.00, 3.87, -3.57)
(26.11, 3.85, -3.58)
(26.21, 3.84, -3.59)
(26.32, 3.82, -3.60)
(26.42, 3.81, -3.61)
(26.53, 3.79, -3.62)
(26.63, 3.78, -3.63)
(26.73, 3.77, -3.63)
(26.84, 3.75, -3.64)
(26.94, 3.74, -3.65)
(27.05, 3.72, -3.66)
(27.15, 3.71, -3.67)
(27.26, 3.69, -3.68)
(27.36, 3.68, -3.69)
(27.47, 3.66, -3.70)
(27.57, 3.65, -3.71)
(27.68, 3.63, -3.72)
(27.78, 3.62, -3.73)
(27.89, 3.60, -3.74)
(27.99, 3.59, -3.75)
(28.10, 3.57, -3.76)
(28.20, 3.56, -3.77)
(28.31, 3.54, -3.78)
(28.41, 3.53, -3.79)
(28.52, 3.51, -3.80)
(28.62, 3.50, -3.81)
(28.73, 3.48, -3.82)
(28.84, 3.47, -3.84)
(28.94, 3.45, -3.85)
(29.05, 3.44, -3.86)
(29.15, 3.42, -3.87)
(29.26, 3.41, -3.88)
(29.37, 3.39, -3.90)
(29.47, 3.38, -3.91)
(29.58, 3.36, -3.92)
(29.69, 3.35, -3.93)
(29.79, 3.33, -3.95)
(29.90, 3.32, -3.96)
(30.01, 3.30, -3.97)
(30.12, 3.28, -3.99)
(30.22, 3.27, -4.00)
(30.33, 3.25, -4.02)
(30.44, 3.24, -4.03)
(30.54, 3.22, -4.05)
(30.65, 3.21, -4.06)
(30.76, 3.19, -4.08)
(30.87, 3.18, -4.10)
(30.98, 3.16, -4.11)
(31.08, 3.14, -4.13)
(31.19, 3.13, -4.14)
(31.30, 3.11, -4.16)
(31.41, 3.10, -4.18)
(31.52, 3.08, -4.20)
(31.63, 3.06, -4.22)
(31.74, 3.05, -4.23)
(31.84, 3.03, -4.25)
(31.95, 3.01, -4.27)
(32.06, 3.00, -4.29)
(32.17, 2.98, -4.31)
(32.28, 2.97, -4.33)
(32.39, 2.95, -4.35)
(32.50, 2.93, -4.37)
(32.61, 2.91, -4.39)
(32.72, 2.90, -4.41)
(32.83, 2.88, -4.44)
(32.94, 2.86, -4.46)
(33.05, 2.85, -4.48)
(33.16, 2.83, -4.50)
(33.27, 2.81, -4.53)
(33.38, 2.80, -4.55)
(33.49, 2.78, -4.57)
(33.60, 2.76, -4.60)
(33.71, 2.74, -4.62)
(33.82, 2.73, -4.65)
(33.93, 2.71, -4.67)
(34.04, 2.69, -4.70)
(34.15, 2.67, -4.73)
(34.26, 2.65, -4.75)
(34.37, 2.64, -4.78)
(34.48, 2.62, -4.81)
(34.60, 2.60, -4.83)
(34.71, 2.58, -4.86)
(34.82, 2.56, -4.89)
(34.93, 2.55, -4.92)
(35.04, 2.53, -4.95)
(35.15, 2.51, -4.98)
(35.26, 2.49, -5.00)
(35.37, 2.47, -5.03)
(35.49, 2.45, -5.06)
(35.60, 2.43, -5.10)
(35.71, 2.41, -5.13)
(35.82, 2.40, -5.16)
(35.93, 2.38, -5.19)
(36.04, 2.36, -5.22)
(36.16, 2.34, -5.25)
(36.27, 2.32, -5.29)
(36.38, 2.30, -5.32)
(36.49, 2.28, -5.35)
(36.60, 2.26, -5.38)
(36.72, 2.24, -5.42)
(36.83, 2.22, -5.45)
(36.94, 2.20, -5.49)
(37.05, 2.18, -5.52)
(37.17, 2.16, -5.56)
(37.28, 2.14, -5.59)
(37.39, 2.13, -5.63)
(37.50, 2.11, -5.66)
(37.61, 2.09, -5.70)
(37.73, 2.07, -5.73)
(37.84, 2.05, -5.77)
(37.95, 2.03, -5.81)
(38.06, 2.01, -5.85)
(38.18, 1.99, -5.88)
(38.29, 1.97, -5.92)
(38.40, 1.95, -5.96)
(38.51, 1.93, -6.00)
(38.63, 1.91, -6.03)
(38.74, 1.89, -6.07)
(38.85, 1.87, -6.11)
(38.96, 1.85, -6.15)
(39.08, 1.83, -6.19)
(39.19, 1.81, -6.23)
(39.30, 1.79, -6.27)
(39.41, 1.77, -6.31)
(39.52, 1.75, -6.35)
(39.64, 1.73, -6.39)
(39.75, 1.71, -6.43)
(39.86, 1.69, -6.47)
(39.97, 1.67, -6.50)
(40.08, 1.65, -6.54)
(40.19, 1.63, -6.58)
(40.31, 1.61, -6.62)
(40.42, 1.59, -6.66)
(40.53, 1.57, -6.70)
(40.64, 1.55, -6.73)
(40.75, 1.54, -6.77)
(40.86, 1.52, -6.81)
(40.97, 1.50, -6.84)
(41.08, 1.48, -6.88)
(41.19, 1.46, -6.92)
(41.30, 1.44, -6.95)
(41.42, 1.42, -6.98)
(41.53, 1.40, -7.02)
(41.64, 1.38, -7.05)
(41.75, 1.36, -7.08)
(41.86, 1.34, -7.12)
(41.97, 1.32, -7.15)
(42.07, 1.30, -7.18)
(42.18, 1.28, -7.21)
(42.29, 1.26, -7.24)
(42.40, 1.24, -7.27)
(42.51, 1.22, -7.30)
(42.62, 1.20, -7.32)
(42.73, 1.17, -7.35)
(42.84, 1.15, -7.38)
(42.95, 1.13, -7.40)
(43.05, 1.11, -7.43)
(43.16, 1.09, -7.45)
(43.27, 1.06, -7.48)
(43.38, 1.04, -7.50)
(43.49, 1.02, -7.52)
(43.59, 1.00, -7.54)
(43.70, 0.97, -7.56)
(43.81, 0.95, -7.58)
(43.92, 0.92, -7.60)
(44.02, 0.90, -7.62)
(44.13, 0.88, -7.64)
(44.24, 0.85, -7.66)
(44.34, 0.83, -7.67)
(44.45, 0.80, -7.69)
(44.55, 0.78, -7.71)
(44.66, 0.75, -7.72)
(44.77, 0.72, -7.74)
(44.87, 0.70, -7.75)
(44.98, 0.67, -7.76)
(45.08, 0.65, -7.78)
(45.19, 0.62, -7.79)
(45.29, 0.59, -7.80)
(45.40, 0.57, -7.81)
(45.50, 0.54, -7.82)
(45.61, 0.51, -7.83)
(45.71, 0.48, -7.84)
(45.81, 0.46, -7.85)
(45.92, 0.43, -7.86)
(46.01, 0.41, -7.86)
(46.11, 0.39, -7.87)
(46.21, 0.36, -7.88)
(46.31, 0.34, -7.89)
(46.41, 0.32, -7.90)
(46.50, 0.29, -7.90)
(46.60, 0.27, -7.91)
(46.70, 0.25, -7.91)
(46.80, 0.23, -7.92)
(46.89, 0.21, -7.93)
(46.99, 0.18, -7.93)
(47.09, 0.16, -7.94)
(47.18, 0.14, -7.94)
(47.28, 0.12, -7.95)
(47.37, 0.10, -7.95)
(47.46, 0.08, -7.96)
(47.54, 0.08, -7.96)
(47.61, 0.08, -7.97)
(47.69, 0.08, -7.97)
(47.76, 0.08, -7.97)
(47.84, 0.08, -7.98)
(47.91, 0.08, -7.98)
(47.98, 0.08, -7.98)
(48.06, 0.08, -7.98)
(48.13, 0.08, -7.98)
(48.21, 0.08, -7.99)
(48.28, 0.08, -7.99)
(48.36, 0.08, -7.99)
(48.43, 0.08, -7.99)
(48.51, 0.08, -7.99)
(48.58, 0.08, -7.99)
(48.66, 0.08, -7.99)
(48.74, 0.08, -8.00)
(48.81, 0.08, -8.00)
(48.89, 0.08, -8.00)
(48.96, 0.08, -8.00)
(49.04, 0.08, -8.00)
(49.12, 0.08, -8.00)
(49.19, 0.08, -8.00)
(49.27, 0.08, -8.00)
(49.35, 0.08, -8.00)
(49.42, 0.08, -8.00)
(49.50, 0.08, -8.00)
(49.58, 0.08, -8.00)
(49.66, 0.08, -8.00)
(49.73, 0.08, -8.00)
(49.81, 0.08, -8.00)
(49.89, 0.08, -8.00)
(49.97, 0.08, -8.00)
(50.04, 0.08, -8.00)
(50.12, 0.08, -8.00)
(50.20, 0.08, -7.99)
(50.28, 0.08, -7.99)
(50.36, 0.08, -7.99)
(50.44, 0.08, -7.99)
(50.52, 0.08, -7.99)
(50.60, 0.08, -7.99)
(50.68, 0.08, -7.99)
(50.75, 0.08, -7.98)
(50.83, 0.08, -7.98)
(50.91, 0.08, -7.98)
(50.99, 0.08, -7.98)
(51.08, 0.08, -7.98)
(51.16, 0.08, -7.98)
(51.24, 0.08, -7.97)
(51.32, 0.08, -7.97)
(51.40, 0.08, -7.97)
(51.48, 0.07, -7.97)
(51.56, 0.07, -7.96)
(51.65, 0.07, -7.96)
(51.73, 0.07, -7.96)
(51.81, 0.07, -7.95)
(51.89, 0.07, -7.95)
(51.98, 0.07, -7.95)
(52.06, 0.07, -7.94)
(52.14, 0.07, -7.94)
(52.23, 0.06, -7.94)
(52.31, 0.06, -7.93)
(52.40, 0.06, -7.93)
(52.48, 0.06, -7.93)
(52.57, 0.06, -7.92)
(52.65, 0.05, -7.92)
(52.74, 0.05, -7.92)
(52.82, 0.05, -7.91)
(52.91, 0.05, -7.91)
(52.99, 0.05, -7.90)
(53.08, 0.04, -7.90)
(53.17, 0.04, -7.90)
(53.26, 0.04, -7.89)
(53.34, 0.03, -7.89)
(53.43, 0.03, -7.88)
(53.52, 0.03, -7.88)
(53.61, 0.03, -7.88)
(53.70, 0.02, -7.87)
(53.78, 0.02, -7.87)
(53.87, 0.02, -7.86)
(53.96, 0.01, -7.86)
(54.05, 0.01, -7.86)
(54.14, 0.01, -7.85)
(54.23, 0.00, -7.85)
(54.32, 0.00, -7.85)
(54.42, 0.00, -7.84)
(54.51, -0.01, -7.84)
(54.60, -0.01, -7.84)
(54.69, -0.02, -7.83)
(54.78, -0.02, -7.83)
(54.87, -0.02, -7.83)
(54.97, -0.03, -7.82)
(55.06, -0.03, -7.82)
(55.15, -0.04, -7.82)
(55.25, -0.04, -7.82)
(55.34, -0.05, -7.82)
(55.43, -0.05, -7.81)
(55.53, -0.06, -7.81)
(55.62, -0.06, -7.81)
(55.72, -0.07, -7.81)
(55.81, -0.07, -7.81)
(55.91, -0.08, -7.81)
(56.00, -0.08, -7.81)
(56.10, -0.09, -7.81)
(56.20, -0.09, -7.81)
(56.29, -0.10, -7.81)
(56.39, -0.11, -7.81)
(56.49, -0.11, -7.81)
(56.58, -0.12, -7.81)
(56.68, -0.12, -7.81)
(56.78, -0.13, -7.81)
(56.88, -0.14, -7.81)
(56.98, -0.14, -7.81)
(57.08, -0.15, -7.82)
(57.17, -0.16, -7.82)
(57.27, -0.16, -7.82)
(57.37, -0.17, -7.82)
(57.47, -0.18, -7.83)
(57.57, -0.19, -7.83)
(57.67, -0.19, -7.83)
(57.77, -0.20, -7.84)
(57.88, -0.21, -7.84)
(57.98, -0.22, -7.85)
(58.08, -0.23, -7.85)
(58.18, -0.23, -7.86)
(58.28, -0.24, -7.86)
(58.38, -0.25, -7.87)
(58.49, -0.26, -7.88)
(58.59, -0.27, -7.88)
(58.69, -0.28, -7.89)
(58.79, -0.28, -7.90)
(58.90, -0.29, -7.90)
(59.00, -0.30, -7.91)
(59.10, -0.31, -7.92)
(59.21, -0.32, -7.93)
(59.31, -0.33, -7.94)
(59.42, -0.34, -7.