(0.00, 1.75, 0.00)
(0.00, 1.75, 0.00)
(0.00, 1.75, 0.00)
(0.00, 1.75, 0.00)
(0.00, 1.75, 0.00)
(0.00, 1.75, 0.00)
(0.00, 1.75, 0.00)
(0.00, 1.75, 0.00)
(0.00, 1.75, 0.00)
(0.00, 1.75, 0.00)
(0.00, 1.75, 0.00)
(0.00, 1.75, 0.00)
(0.00, 1.75, 0.00)
(0.00, 1.75, 0.00)
(0.00, 1.75, 0.00)
(0.00, 1.75, 0.00)
(0.00, 1.75, 0.00)
(0.00, 1.75, 0.00)
(0.00, 1.75, 0.00)
(0.00, 1.75, 0.00)
(0.00, 1.75, 0.00)
(0.00, 1.75, 0.00)
(0.00, 1.75, 0.00)
(0.00, 1.75, -0.01)
(0.00, 1.76, -0.01)
(0.00, 1.76, -0.01)
(0.00, 1.76, -0.01)
(0.00, 1.76, -0.01)
(0.00, 1.76, -0.01)
(0.00, 1.76, -0.01)
(0.00, 1.76, -0.01)
(0.00, 1.76, -0.01)
(0.00, 1.76, -0.01)
(0.00, 1.76, -0.02)
(0.00, 1.76, -0.02)
(0.00, 1.76, -0.02)
(0.00, 1.76, -0.02)
(0.00, 1.76, -0.02)
(0.00, 1.76, -0.02)
(0.00, 1.76, -0.03)
(0.00, 1.76, -0.03)
(0.00, 1.76, -0.03)
(0.00, 1.76, -0.03)
(0.00, 1.76, -0.03)
(0.00, 1.77, -0.04)
(0.00, 1.77, -0.04)
(0.00, 1.77, -0.04)
(0.00, 1.77, -0.04)
(0.00, 1.77, -0.05)
(0.00, 1.77, -0.05)
(0.00, 1.77, -0.05)
(0.00, 1.77, -0.05)
(0.00, 1.77, -0.06)
(0.00, 1.77, -0.06)
(0.00, 1.77, -0.06)
(0.00, 1.77, -0.07)
(0.00, 1.77, -0.07)
(0.00, 1.77, -0.07)
(0.00, 1.77, -0.08)
(0.00, 1.77, -0.08)
(0.00, 1.77, -0.09)
(0.00, 1.78, -0.09)
(0.00, 1.78, -0.09)
(0.00, 1.78, -0.10)
(0.00, 1.78, -0.10)
(0.00, 1.78, -0.11)
(0.00, 1.78, -0.11)
(0.00, 1.78, -0.12)
(0.00, 1.78, -0.12)
(0.00, 1.78, -0.13)
(0.00, 1.78, -0.13)
(0.00, 1.78, -0.14)
(0.00, 1.78, -0.14)
(0.00, 1.78, -0.15)
(0.00, 1.78, -0.15)
(0.00, 1.78, -0.16)
(0.00, 1.79, -0.16)
(0.00, 1.79, -0.17)
(0.00, 1.79, -0.17)
(0.00, 1.79, -0.18)
(0.00, 1.79, -0.19)
(0.00, 1.79, -0.19)
(0.00, 1.79, -0.20)
(0.00, 1.79, -0.21)
(0.00, 1.79, -0.21)
(0.00, 1.79, -0.22)
(0.00, 1.79, -0.22)
(0.00, 1.79, -0.23)
(0.00, 1.79, -0.24)
(0.00, 1.79, -0.25)
(0.00, 1.79, -0.25)
(0.00, 1.79, -0.26)
(0.00, 1.80, -0.27)
(0.00, 1.80, -0.27)
(0.00, 1.80, -0.28)
(0.00, 1.80, -0.29)
(0.00, 1.80, -0.30)
(0.00, 1.80, -0.30)
(0.00, 1.80, -0.31)
(0.00, 1.80, -0.32)
(0.00, 1.80, -0.33)
(0.00, 1.80, -0.34)
(0.00, 1.80, -0.34)
(0.00, 1.80, -0.35)
(0.00, 1.80, -0.36)
(0.00, 1.80, -0.37)
(0.00, 1.80, -0.38)
(0.00, 1.80, -0.39)
(0.00, 1.80, -0.40)
(0.00, 1.81, -0.40)
(0.00, 1.81, -0.41)
(0.00, 1.81, -0.42)
(0.00, 1.81, -0.43)
(0.00, 1.81, -0.44)
(0.00, 1.81, -0.45)
(0.00, 1.81, -0.46)
(0.00, 1.81, -0.47)
(0.00, 1.81, -0.48)
(0.00, 1.81, -0.49)
(0.00, 1.81, -0.50)
(0.00, 1.81, -0.51)
(0.00, 1.81, -0.52)
(0.00, 1.81, -0.53)
(0.00, 1.81, -0.54)
(0.00, 1.81, -0.55)
(0.00, 1.81, -0.56)
(0.00, 1.82, -0.57)
(0.00, 1.82, -0.58)
(0.00, 1.82, -0.59)
(0.00, 1.82, -0.60)
(0.00, 1.82, -0.61)
(0.00, 1.82, -0.62)
(0.00, 1.82, -0.63)
(0.00, 1.82, -0.64)
(0.00, 1.82, -0.65)
(0.00, 1.82, -0.66)
(0.00, 1.82, -0.67)
(0.00, 1.82, -0.68)
(0.00, 1.82, -0.69)
(0.00, 1.82, -0.70)
(0.00, 1.82, -0.72)
(0.00, 1.82, -0.73)
(0.00, 1.82, -0.74)
(0.00, 1.82, -0.75)
(0.00, 1.82, -0.76)
(0.00, 1.83, -0.77)
(0.00, 1.83, -0.78)
(0.00, 1.83, -0.79)
(0.00, 1.83, -0.81)
(0.00, 1.83, -0.82)
(0.00, 1.83, -0.83)
(0.00, 1.83, -0.84)
(0.00, 1.83, -0.85)
(0.00, 1.83, -0.86)
(0.00, 1.83, -0.87)
(0.00, 1.83, -0.89)
(0.00, 1.83, -0.90)
(0.00, 1.83, -0.91)
(0.00, 1.83, -0.92)
(0.00, 1.83, -0.93)
(0.00, 1.83, -0.94)
(0.00, 1.83, -0.96)
(0.00, 1.83, -0.97)
(0.00, 1.84, -0.98)
(0.00, 1.84, -0.99)
(0.00, 1.84, -1.00)
(0.00, 1.84, -1.02)
(0.00, 1.84, -1.03)
(0.00, 1.84, -1.04)
(0.00, 1.84, -1.05)
(0.00, 1.84, -1.06)
(0.00, 1.84, -1.08)
(0.00, 1.84, -1.09)
(0.00, 1.84, -1.10)
(0.00, 1.84, -1.11)
(0.00, 1.84, -1.12)
(0.00, 1.84, -1.14)
(0.00, 1.84, -1.15)
(0.00, 1.84, -1.16)
(0.00, 1.84, -1.17)
(0.00, 1.85, -1.18)
(0.00, 1.85, -1.20)
(0.00, 1.85, -1.21)
(0.00, 1.85, -1.22)
(0.00, 1.85, -1.23)
(0.00, 1.85, -1.24)
(0.00, 1.85, -1.26)
(0.00, 1.85, -1.27)
(0.00, 1.85, -1.28)
(0.00, 1.85, -1.29)
(0.00, 1.85, -1.30)
(0.00, 1.85, -1.32)
(0.00, 1.85, -1.33)
(0.00, 1.85, -1.34)
(0.00, 1.86, -1.35)
(0.00, 1.86, -1.36)
(0.00, 1.86, -1.38)
(0.00, 1.86, -1.39)
(0.00, 1.86, -1.40)
(0.00, 1.86, -1.41)
(0.00, 1.86, -1.42)
(0.00, 1.86, -1.44)
(0.00, 1.86, -1.45)
(0.00, 1.86, -1.46)
(0.00, 1.86, -1.47)
(0.00, 1.86, -1.48)
(0.00, 1.86, -1.49)
(0.00, 1.86, -1.51)
(0.00, 1.87, -1.52)
(0.00, 1.87, -1.53)
(0.00, 1.87, -1.54)
(0.00, 1.87, -1.55)
(0.00, 1.87, -1.56)
(0.00, 1.87, -1.58)
(0.00, 1.87, -1.59)
(0.00, 1.87, -1.60)
(0.00, 1.87, -1.61)
(0.00, 1.87, -1.62)
(0.00, 1.87, -1.63)
(0.00, 1.88, -1.64)
(0.00, 1.88, -1.65)
(0.00, 1.88, -1.67)
(0.00, 1.88, -1.68)
(0.00, 1.88, -1.69)
(0.00, 1.88, -1.70)
(0.00, 1.88, -1.71)
(0.00, 1.88, -1.72)
(0.00, 1.88, -1.73)
(0.00, 1.88, -1.74)
(0.00, 1.88, -1.75)
(0.00, 1.89, -1.76)
(0.00, 1.89, -1.78)
(0.00, 1.89, -1.79)
(0.00, 1.89, -1.80)
(0.00, 1.89, -1.81)
(0.00, 1.89, -1.82)
(0.00, 1.89, -1.83)
(0.00, 1.89, -1.84)
(0.00, 1.89, -1.85)
(0.00, 1.89, -1.86)
(0.00, 1.90, -1.87)
(0.00, 1.90, -1.88)
(0.00, 1.90, -1.89)
(0.00, 1.90, -1.90)
(0.00, 1.90, -1.91)
(0.00, 1.90, -1.92)
(0.00, 1.90, -1.93)
(0.00, 1.90, -1.94)
(0.00, 1.90, -1.95)
(0.00, 1.91, -1.96)
(0.00, 1.91, -1.97)
(0.00, 1.91, -1.98)
(0.00, 1.91, -1.99)
(0.00, 1.91, -2.00)
(0.00, 1.91, -2.01)
(0.00, 1.91, -2.02)
(0.00, 1.91, -2.03)
(0.00, 1.91, -2.04)
(0.00, 1.92, -2.04)
(0.00, 1.92, -2.05)
(0.00, 1.92, -2.06)
(0.00, 1.92, -2.07)
(0.00, 1.92, -2.08)
(0.00, 1.92, -2.09)
(0.00, 1.92, -2.10)
(0.00, 1.92, -2.11)
(0.00, 1.92, -2.12)
(0.00, 1.93, -2.12)
(0.00, 1.93, -2.13)
(0.00, 1.93, -2.14)
(0.00, 1.93, -2.15)
(0.00, 1.93, -2.16)
(0.00, 1.93, -2.17)
(0.00, 1.93, -2.17)
(0.00, 1.94, -2.18)
(0.00, 1.94, -2.19)
(0.00, 1.94, -2.20)
(0.00, 1.94, -2.20)
(0.00, 1.94, -2.21)
(0.00, 1.94, -2.22)
(0.00, 1.94, -2.23)
(0.00, 1.94, -2.24)
(0.00, 1.95, -2.24)
(0.00, 1.95, -2.25)
(0.00, 1.95, -2.26)
(0.00, 1.95, -2.26)
(0.00, 1.95, -2.27)
(0.00, 1.95, -2.28)
(0.00, 1.95, -2.29)
(0.00, 1.95, -2.29)
(0.00, 1.96, -2.30)
(0.00, 1.96, -2.31)
(0.00, 1.96, -2.31)
(0.00, 1.96, -2.32)
(0.00, 1.96, -2.32)
(0.00, 1.96, -2.33)
(0.00, 1.96, -2.34)
(0.00, 1.97, -2.34)
(0.00, 1.97, -2.35)
(0.00, 1.97, -2.36)
(0.00, 1.97, -2.36)
(0.00, 1.97, -2.37)
(0.00, 1.97, -2.37)
(0.00, 1.97, -2.38)
(0.00, 1.98, -2.38)
(0.00, 1.98, -2.39)
(0.00, 1.98, -2.40)
(0.00, 1.98, -2.40)
(0.00, 1.98, -2.41)
(0.00, 1.98, -2.41)
(0.00, 1.98, -2.42)
(0.00, 1.99, -2.42)
(0.00, 1.99, -2.43)
(0.00, 1.99, -2.43)
(0.00, 1.99, -2.43)
(0.00, 1.99, -2.44)
(0.00, 1.99, -2.44)
(0.00, 1.99, -2.45)
(0.00, 2.00, -2.45)
(0.00, 2.00, -2.46)
(0.00, 2.00, -2.46)
(0.00, 2.00, -2.47)
(0.00, 2.00, -2.47)
(0.00, 2.00, -2.47)
(0.00, 2.00, -2.48)
(0.00, 2.01, -2.48)
(0.00, 2.01, -2.48)
(0.00, 2.01, -2.49)
(0.00, 2.01, -2.49)
(0.00, 2.01, -2.49)
(0.00, 2.01, -2.50)
(0.00, 2.02, -2.50)
(0.00, 2.02, -2.50)
(0.00, 2.02, -2.51)
(0.00, 2.02, -2.51)
(0.00, 2.02, -2.51)
(0.00, 2.02, -2.51)
(0.00, 2.02, -2.52)
(0.00, 2.03, -2.52)
(0.00, 2.03, -2.52)
(0.00, 2.03, -2.52)
(0.00, 2.03, -2.53)
(0.00, 2.03, -2.53)
(0.00, 2.03, -2.53)
(0.00, 2.04, -2.53)
(0.00, 2.04, -2.53)
(0.00, 2.04, -2.53)
(0.00, 2.04, -2.54)
(0.00, 2.04, -2.54)
(0.00, 2.04, -2.54)
(0.00, 2.04, -2.54)
(0.00, 2.05, -2.54)
(0.00, 2.05, -2.54)
(0.00, 2.05, -2.54)
(0.00, 2.05, -2.54)
(0.00, 2.05, -2.54)
(0.00, 2.05, -2.55)
(0.00, 2.05, -2.55)
(0.00, 2.06, -2.55)
(0.00, 2.06, -2.55)
(0.00, 2.06, -2.55)
(0.00, 2.06, -2.55)
(0.00, 2.06, -2.55)
(0.00, 2.06, -2.55)
(0.00, 2.07, -2.55)
(0.00, 2.07, -2.55)
(0.00, 2.07, -2.55)
(0.00, 2.07, -2.55)
(0.00, 2.07, -2.54)
(0.00, 2.07, -2.54)
(0.00, 2.07, -2.54)
(0.00, 2.08, -2.54)
(0.00, 2.08, -2.54)
(0.00, 2.08, -2.54)
(0.00, 2.08, -2.54)
(0.00, 2.08, -2.54)
(0.00, 2.08, -2.54)
(0.00, 2.08, -2.53)
(0.00, 2.09, -2.53)
(0.00, 2.09, -2.53)
(0.00, 2.09, -2.53)
(0.00, 2.09, -2.53)
(0.00, 2.09, -2.53)
(0.00, 2.09, -2.52)
(0.00, 2.10, -2.52)
(0.00, 2.10, -2.52)
(0.00, 2.10, -2.52)
(0.00, 2.10, -2.51)
(0.00, 2.10, -2.51)
(0.00, 2.10, -2.51)
(0.00, 2.10, -2.51)
(0.00, 2.11, -2.50)
(0.00, 2.11, -2.50)
(0.00, 2.11, -2.50)
(0.00, 2.11, -2.49)
(0.00, 2.11, -2.49)
(0.00, 2.11, -2.49)
(0.00, 2.11, -2.48)
(0.00, 2.11, -2.48)
(0.00, 2.12, -2.47)
(0.00, 2.12, -2.47)
(0.00, 2.12, -2.47)
(0.00, 2.12, -2.46)
(0.00, 2.12, -2.46)
(0.00, 2.12, -2.45)
(0.00, 2.12, -2.45)
(0.00, 2.13, -2.44)
(0.00, 2.13, -2.44)
(0.00, 2.13, -2.44)
(0.00, 2.13, -2.43)
(0.00, 2.13, -2.43)
(0.00, 2.13, -2.42)
(0.00, 2.13, -2.41)
(0.00, 2.14, -2.41)
(0.00, 2.14, -2.40)
(0.00, 2.14, -2.40)
(0.00, 2.14, -2.39)
(0.00, 2.14, -2.39)
(0.00, 2.14, -2.38)
(0.00, 2.14, -2.38)
(0.00, 2.14, -2.37)
(0.00, 2.15, -2.36)
(0.00, 2.15, -2.36)
(0.00, 2.15, -2.35)
(0.00, 2.15, -2.34)
(0.00, 2.15, -2.34)
(0.00, 2.15, -2.33)
(0.00, 2.15, -2.32)
(0.00, 2.15, -2.32)
(0.00, 2.15, -2.31)
(0.00, 2.16, -2.30)
(0.00, 2.16, -2.30)
(0.00, 2.16, -2.29)
(0.00, 2.16, -2.28)
(0.00, 2.16, -2.27)
(0.00, 2.16, -2.27)
(0.00, 2.16, -2.26)
(0.00, 2.16, -2.25)
(0.00, 2.16, -2.24)
(0.00, 2.17, -2.23)
(0.00, 2.17, -2.23)
(0.00, 2.17, -2.22)
(0.00, 2.17, -2.21)
(0.00, 2.17, -2.20)
(0.00, 2.17, -2.19)
(0.00, 2.17, -2.18)
(0.00, 2.17, -2.17)
(0.00, 2.17, -2.16)
(0.00, 2.17, -2.16)
(0.00, 2.18, -2.15)
(0.00, 2.18, -2.14)
(0.00, 2.18, -2.13)
(0.00, 2.18, -2.12)
(0.00, 2.18, -2.11)
(0.00, 2.18, -2.10)
(0.00, 2.18, -2.09)
(0.00, 2.18, -2.08)
(0.00, 2.18, -2.07)
(0.00, 2.18, -2.06)
(0.00, 2.18, -2.05)
(0.00, 2.19, -2.04)
(0.00, 2.19, -2.03)
(0.00, 2.19, -2.02)
(0.00, 2.19, -2.01)
(0.00, 2.19, -1.99)
(0.00, 2.19, -1.98)
(0.00, 2.19, -1.97)
(0.00, 2.19, -1.96)
(0.00, 2.19, -1.95)
(0.00, 2.19, -1.94)
(0.00, 2.19, -1.93)
(0.00, 2.19, -1.92)
(0.00, 2.19, -1.90)
(0.00, 2.20, -1.89)
(0.00, 2.20, -1.88)
(0.00, 2.20, -1.87)
(0.00, 2.20, -1.86)
(0.00, 2.20, -1.84)
(0.00, 2.20, -1.83)
(0.00, 2.20, -1.82)
(0.00, 2.20, -1.81)
(0.00, 2.20, -1.79)
(0.00, 2.20, -1.78)
(0.00, 2.20, -1.77)
(0.00, 2.20, -1.76)
(0.00, 2.20, -1.74)
(0.00, 2.20, -1.73)
(0.00, 2.20, -1.72)
(0.00, 2.20, -1.70)
(0.00, 2.20, -1.69)
(0.00, 2.20, -1.68)
(0.00, 2.20, -1.66)
(0.00, 2.21, -1.65)
(0.00, 2.21, -1.63)
(0.00, 2.21, -1.62)
(0.00, 2.21, -1.61)
(0.00, 2.21, -1.59)
(0.00, 2.21, -1.58)
(0.00, 2.21, -1.56)
(0.00, 2.21, -1.55)
(0.00, 2.21, -1.53)
(0.00, 2.21, -1.52)
(0.00, 2.21, -1.51)
(0.00, 2.21, -1.49)
(0.00, 2.21, -1.48)
(0.00, 2.21, -1.46)
(0.00, 2.21, -1.45)
(0.00, 2.21, -1.43)
(0.00, 2.21, -1.41)
(0.00, 2.21, -1.40)
(0.00, 2.21, -1.38)
(0.00, 2.21, -1.37)
(0.00, 2.21, -1.35)
(0.00, 2.21, -1.34)
(0.00, 2.21, -1.32)
(0.00, 2.21, -1.31)
(0.00, 2.21, -1.29)
(0.00, 2.21, -1.27)
(0.00, 2.21, -1.26)
(0.00, 2.21, -1.24)
(0.00, 2.21, -1.23)
(0.00, 2.21, -1.21)
(0.00, 2.21, -1.19)
(0.00, 2.21, -1.18)
(0.00, 2.21, -1.16)
(0.00, 2.21, -1.14)
(0.00, 2.21, -1.13)
(0.00, 2.21, -1.11)
(0.00, 2.21, -1.09)
(0.00, 2.21, -1.08)
(0.00, 2.21, -1.06)
(0.00, 2.21, -1.05)
(0.00, 2.21, -1.03)
(0.00, 2.21, -1.01)
(0.00, 2.21, -1.00)
(0.00, 2.21, -0.98)
(0.00, 2.21, -0.96)
(0.00, 2.21, -0.95)
(0.00, 2.21, -0.93)
(0.00, 2.21, -0.91)
(0.00, 2.21, -0.90)
(0.01, 2.21, -0.88)
(0.01, 2.21, -0.86)
(0.01, 2.21, -0.85)
(0.01, 2.21, -0.83)
(0.01, 2.21, -0.81)
(0.01, 2.21, -0.80)
(0.01, 2.21, -0.78)
(0.01, 2.21, -0.76)
(0.01, 2.21, -0.75)
(0.01, 2.21, -0.73)
(0.01, 2.21, -0.71)
(0.01, 2.21, -0.70)
(0.01, 2.21, -0.68)
(0.01, 2.21, -0.67)
(0.01, 2.21, -0.65)
(0.01, 2.21, -0.63)
(0.01, 2.21, -0.62)
(0.01, 2.21, -0.60)
(0.01, 2.21, -0.58)
(0.01, 2.21, -0.57)
(0.01, 2.22, -0.55)
(0.01, 2.22, -0.54)
(0.02, 2.22, -0.52)
(0.02, 2.22, -0.50)
(0.02, 2.22, -0.49)
(0.02, 2.22, -0.47)
(0.02, 2.22, -0.46)
(0.02, 2.22, -0.44)
(0.02, 2.22, -0.43)
(0.02, 2.22, -0.41)
(0.02, 2.22, -0.39)
(0.02, 2.22, -0.38)
(0.02, 2.22, -0.36)
(0.02, 2.22, -0.35)
(0.02, 2.22, -0.33)
(0.02, 2.22, -0.32)
(0.02, 2.22, -0.30)
(0.02, 2.22, -0.29)
(0.03, 2.22, -0.27)
(0.03, 2.22, -0.26)
(0.03, 2.22, -0.24)
(0.03, 2.22, -0.23)
(0.03, 2.22, -0.21)
(0.03, 2.22, -0.20)
(0.03, 2.22, -0.19)
(0.03, 2.22, -0.17)
(0.03, 2.23, -0.16)
(0.03, 2.23, -0.14)
(0.03, 2.23, -0.13)
(0.03, 2.23, -0.11)
(0.03, 2.23, -0.10)
(0.03, 2.23, -0.09)
(0.04, 2.23, -0.07)
(0.04, 2.23, -0.06)
(0.04, 2.23, -0.05)
(0.04, 2.23, -0.03)
(0.04, 2.23, -0.02)
(0.04, 2.23, -0.01)
(0.04, 2.23, 0.01)
(0.04, 2.23, 0.02)
(0.04, 2.23, 0.03)
(0.04, 2.23, 0.05)
(0.04, 2.24, 0.06)
(0.04, 2.24, 0.07)
(0.05, 2.24, 0.08)
(0.05, 2.24, 0.10)
(0.05, 2.24, 0.11)
(0.05, 2.24, 0.12)
(0.05, 2.24, 0.13)
(0.05, 2.24, 0.14)
(0.05, 2.24, 0.16)
(0.05, 2.24, 0.17)
(0.05, 2.24, 0.18)
(0.05, 2.24, 0.19)
(0.05, 2.24, 0.20)
(0.05, 2.25, 0.21)
(0.06, 2.25, 0.22)
(0.06, 2.25, 0.23)
(0.06, 2.25, 0.24)
(0.06, 2.25, 0.26)
(0.06, 2.25, 0.27)
(0.06, 2.25, 0.28)
(0.06, 2.25, 0.29)
(0.06, 2.25, 0.30)
(0.06, 2.25, 0.31)
(0.06, 2.25, 0.32)
(0.06, 2.26, 0.33)
(0.07, 2.26, 0.34)
(0.07, 2.26, 0.34)
(0.07, 2.26, 0.35)
(0.07, 2.26, 0.36)
(0.07, 2.26, 0.37)
(0.07, 2.26, 0.38)
(0.07, 2.26, 0.39)
(0.07, 2.26, 0.40)
(0.07, 2.26, 0.41)
(0.07, 2.27, 0.41)
(0.08, 2.27, 0.42)
(0.08, 2.27, 0.43)
(0.08, 2.27, 0.44)
(0.08, 2.27, 0.45)
(0.08, 2.27, 0.45)
(0.08, 2.27, 0.46)
(0.08, 2.27, 0.47)
(0.08, 2.27, 0.48)
(0.08, 2.27, 0.48)
(0.08, 2.28, 0.49)
(0.09, 2.28, 0.50)
(0.09, 2.28, 0.50)
(0.09, 2.28, 0.51)
(0.09, 2.28, 0.51)
(0.09, 2.28, 0.52)
(0.09, 2.28, 0.53)
(0.09, 2.28, 0.53)
(0.09, 2.28, 0.54)
(0.09, 2.29, 0.54)
(0.10, 2.29, 0.55)
(0.10, 2.29, 0.55)
(0.10, 2.29, 0.56)
(0.10, 2.29, 0.56)
(0.10, 2.29, 0.57)
(0.10, 2.29, 0.57)
(0.10, 2.29, 0.58)
(0.10, 2.29, 0.58)
(0.10, 2.30, 0.58)
(0.11, 2.30, 0.59)
(0.11, 2.30, 0.59)
(0.11, 2.30, 0.59)
(0.11, 2.30, 0.60)
(0.11, 2.30, 0.60)
(0.11, 2.30, 0.60)
(0.11, 2.30, 0.61)
(0.11, 2.30, 0.61)
(0.11, 2.31, 0.61)
(0.12, 2.31, 0.61)
(0.12, 2.31, 0.61)
(0.12, 2.31, 0.62)
(0.12, 2.31, 0.62)
(0.12, 2.31, 0.62)
(0.12, 2.31, 0.62)
(0.12, 2.31, 0.62)
(0.12, 2.31, 0.62)
(0.12, 2.32, 0.62)
(0.13, 2.32, 0.62)
(0.13, 2.32, 0.62)
(0.13, 2.32, 0.62)
(0.13, 2.32, 0.62)
(0.13, 2.32, 0.62)
(0.13, 2.32, 0.62)
(0.13, 2.32, 0.62)
(0.13, 2.32, 0.62)
(0.13, 2.32, 0.61)
(0.14, 2.32, 0.61)
(0.14, 2.32, 0.61)
(0.14, 2.33, 0.61)
(0.14, 2.33, 0.60)
(0.14, 2.33, 0.60)
(0.14, 2.33, 0.60)
(0.14, 2.33, 0.59)
(0.14, 2.33, 0.59)
(0.14, 2.33, 0.59)
(0.15, 2.33, 0.58)
(0.15, 2.33, 0.58)
(0.15, 2.33, 0.57)
(0.15, 2.33, 0.57)
(0.15, 2.33, 0.56)
(0.15, 2.33, 0.56)
(0.15, 2.33, 0.55)
(0.15, 2.33, 0.55)
(0.15, 2.33, 0.54)
(0.15, 2.33, 0.54)
(0.16, 2.33, 0.53)
(0.16, 2.34, 0.53)
(0.16, 2.34, 0.52)
(0.16, 2.34, 0.51)
(0.16, 2.34, 0.51)
(0.16, 2.34, 0.50)
(0.16, 2.34, 0.49)
(0.16, 2.34, 0.48)
(0.16, 2.34, 0.48)
(0.16, 2.34, 0.47)
(0.17, 2.34, 0.46)
(0.17, 2.34, 0.45)
(0.17, 2.34, 0.44)
(0.17, 2.34, 0.44)
(0.17, 2.34, 0.43)
(0.17, 2.34, 0.42)
(0.17, 2.34, 0.41)
(0.17, 2.34, 0.40)
(0.17, 2.34, 0.39)
(0.17, 2.34, 0.38)
(0.17, 2.34, 0.37)
(0.18, 2.34, 0.36)
(0.18, 2.34, 0.35)
(0.18, 2.34, 0.34)
(0.18, 2.34, 0.33)
(0.18, 2.34, 0.32)
(0.18, 2.34, 0.31)
(0.18, 2.34, 0.30)
(0.18, 2.34, 0.29)
(0.18, 2.34, 0.28)
(0.18, 2.34, 0.27)
(0.18, 2.34, 0.26)
(0.19, 2.34, 0.25)
(0.19, 2.34, 0.23)
(0.19, 2.34, 0.22)
(0.19, 2.34, 0.21)
(0.19, 2.34, 0.20)
(0.19, 2.34, 0.19)
(0.19, 2.34, 0.18)
(0.19, 2.34, 0.17)
(0.19, 2.34, 0.15)
(0.19, 2.34, 0.14)
(0.19, 2.34, 0.13)
(0.19, 2.34, 0.12)
(0.20, 2.34, 0.11)
(0.20, 2.34, 0.10)
(0.20, 2.34, 0.08)
(0.20, 2.34, 0.07)
(0.20, 2.34, 0.06)
(0.20, 2.34, 0.05)
(0.20, 2.34, 0.04)
(0.20, 2.34, 0.03)
(0.20, 2.34, 0.02)
(0.20, 2.34, 0.01)
(0.20, 2.34, 0.00)
(0.20, 2.34, -0.02)
(0.20, 2.34, -0.03)
(0.20, 2.34, -0.04)
(0.21, 2.34, -0.05)
(0.21, 2.34, -0.05)
(0.21, 2.34, -0.06)
(0.21, 2.34, -0.07)
(0.21, 2.34, -0.08)
(0.21, 2.34, -0.09)
(0.21, 2.34, -0.10)
(0.21, 2.34, -0.10)
(0.21, 2.34, -0.11)
(0.21, 2.34, -0.12)
(0.21, 2.34, -0.12)
(0.21, 2.34, -0.13)
(0.21, 2.34, -0.14)
(0.21, 2.34, -0.14)
(0.22, 2.34, -0.15)
(0.22, 2.34, -0.15)
(0.22, 2.34, -0.15)
(0.22, 2.34, -0.16)
(0.22, 2.34, -0.16)
(0.22, 2.34, -0.16)
(0.22, 2.34, -0.17)
(0.22, 2.34, -0.17)
(0.22, 2.34, -0.17)
(0.22, 2.34, -0.17)
(0.22, 2.34, -0.17)
(0.22, 2.34, -0.17)
(0.22, 2.34, -0.17)
(0.22, 2.34, -0.17)
(0.22, 2.33, -0.17)
(0.22, 2.33, -0.17)
(0.23, 2.33, -0.17)
(0.23, 2.33, -0.16)
(0.23, 2.33, -0.16)
(0.23, 2.33, -0.16)
(0.23, 2.33, -0.16)
(0.23, 2.33, -0.15)
(0.23, 2.33, -0.15)
(0.23, 2.32, -0.14)
(0.23, 2.32, -0.14)
(0.23, 2.32, -0.13)
(0.23, 2.32, -0.13)
(0.23, 2.32, -0.12)
(0.23, 2.32, -0.12)
(0.23, 2.32, -0.11)
(0.23, 2.31, -0.10)
(0.23, 2.31, -0.10)
(0.23, 2.31, -0.09)
(0.23, 2.31, -0.08)
(0.23, 2.31, -0.08)
(0.24, 2.31, -0.07)
(0.24, 2.30, -0.06)
(0.24, 2.30, -0.05)
(0.24, 2.30, -0.04)
(0.24, 2.30, -0.03)
(0.24, 2.30, -0.03)
(0.24, 2.29, -0.02)
(0.24, 2.29, -0.01)
(0.24, 2.29, 0.00)
(0.24, 2.29, 0.01)
(0.24, 2.29, 0.02)
(0.24, 2.29, 0.03)
(0.24, 2.28, 0.04)
(0.24, 2.28, 0.05)
(0.24, 2.28, 0.06)
(0.24, 2.28, 0.07)
(0.24, 2.28, 0.08)
(0.24, 2.28, 0.09)
(0.24, 2.27, 0.10)
(0.24, 2.27, 0.11)
(0.24, 2.27, 0.12)
(0.25, 2.27, 0.13)
(0.25, 2.27, 0.14)
(0.25, 2.27, 0.15)
(0.25, 2.27, 0.16)
(0.25, 2.26, 0.17)
(0.25, 2.26, 0.18)
(0.25, 2.26, 0.18)
(0.25, 2.26, 0.19)
(0.25, 2.26, 0.20)
(0.25, 2.26, 0.21)
(0.25, 2.26, 0.22)
(0.25, 2.26, 0.22)
(0.25, 2.26, 0.23)
(0.25, 2.25, 0.24)
(0.25, 2.25, 0.25)
(0.25, 2.25, 0.25)
(0.25, 2.25, 0.26)
(0.25, 2.25, 0.26)
(0.25, 2.25, 0.27)
(0.25, 2.25, 0.28)
(0.25, 2.25, 0.28)
(0.25, 2.25, 0.29)
(0.26, 2.24, 0.29)
(0.26, 2.24, 0.29)
(0.26, 2.24, 0.30)
(0.26, 2.24, 0.30)
(0.26, 2.24, 0.30)
(0.26, 2.24, 0.31)
(0.26, 2.24, 0.31)
(0.26, 2.24, 0.31)
(0.26, 2.23, 0.31)
(0.26, 2.23, 0.31)
(0.26, 2.23, 0.31)
(0.26, 2.23, 0.31)
(0.26, 2.23, 0.31)
(0.26, 2.23, 0.32)
(0.26, 2.23, 0.32)
(0.26, 2.22, 0.31)
(0.26, 2.22, 0.31)
(0.26, 2.22, 0.31)
(0.26, 2.22, 0.31)
(0.26, 2.22, 0.31)
(0.26, 2.22, 0.31)
(0.27, 2.22, 0.31)
(0.27, 2.22, 0.31)
(0.27, 2.21, 0.31)
(0.27, 2.21, 0.30)
(0.27, 2.21, 0.30)
(0.27, 2.21, 0.30)
(0.27, 2.21, 0.30)
(0.27, 2.21, 0.29)
(0.27, 2.21, 0.29)
(0.27, 2.21, 0.29)
(0.27, 2.20, 0.28)
(0.27, 2.20, 0.28)
(0.27, 2.20, 0.28)
(0.27, 2.20, 0.27)
(0.27, 2.20, 0.27)
(0.27, 2.20, 0.26)
(0.27, 2.20, 0.26)
(0.27, 2.20, 0.26)
(0.27, 2.20, 0.25)
(0.27, 2.20, 0.25)
(0.27, 2.19, 0.24)
(0.27, 2.19, 0.24)
(0.28, 2.19, 0.23)
(0.28, 2.19, 0.23)
(0.28, 2.19, 0.22)
(0.28, 2.19, 0.22)
(0.28, 2.19, 0.21)
(0.28, 2.19, 0.21)
(0.28, 2.19, 0.20)
(0.28, 2.19, 0.20)
(0.28, 2.18, 0.19)
(0.28, 2.18, 0.19)
(0.28, 2.18, 0.18)
(0.28, 2.18, 0.17)
(0.28, 2.18, 0.17)
(0.28, 2.18, 0.16)
(0.28, 2.18, 0.16)
(0.28, 2.18, 0.15)
(0.28, 2.18, 0.14)
(0.28, 2.18, 0.14)
(0.28, 2.18, 0.13)
(0.28, 2.18, 0.13)
(0.28, 2.18, 0.12)
(0.28, 2.18, 0.11)
(0.29, 2.18, 0.11)
(0.29, 2.17, 0.10)
(0.29, 2.17, 0.10)
(0.29, 2.17, 0.09)
(0.29, 2.17, 0.08)
(0.29, 2.17, 0.08)
(0.29, 2.17, 0.07)
(0.29, 2.17, 0.06)
(0.29, 2.17, 0.06)
(0.29, 2.17, 0.05)
(0.29, 2.17, 0.05)
(0.29, 2.17, 0.04)
(0.29, 2.17, 0.03)
(0.29, 2.17, 0.03)
(0.29, 2.17, 0.02)
(0.29, 2.17, 0.02)
(0.29, 2.17, 0.01)
(0.29, 2.17, 0.00)
(0.29, 2.17, 0.00)
(0.29, 2.17, -0.01)
(0.29, 2.17, -0.01)
(0.29, 2.17, -0.02)
(0.29, 2.17, -0.03)
(0.29, 2.17, -0.03)
(0.29, 2.17, -0.04)
(0.30, 2.17, -0.04)
(0.30, 2.17, -0.05)
(0.30, 2.17, -0.05)
(0.30, 2.17, -0.06)
(0.30, 2.17, -0.07)
(0.30, 2.17, -0.07)
(0.30, 2.17, -0.08)
(0.30, 2.17, -0.08)
(0.30, 2.17, -0.09)
(0.30, 2.17, -0.09)
(0.30, 2.17, -0.10)
(0.30, 2.17, -0.10)
(0.30, 2.17, -0.11)
(0.30, 2.17, -0.11)
(0.30, 2.17, -0.12)
(0.30, 2.17, -0.12)
(0.30, 2.17, -0.13)
(0.30, 2.17, -0.13)
(0.30, 2.17, -0.14)
(0.30, 2.17, -0.14)
(0.30, 2.17, -0.14)
(0.30, 2.17, -0.15)
(0.30, 2.17, -0.15)
(0.30, 2.17, -0.16)
(0.30, 2.17, -0.16)
(0.30, 2.17, -0.16)
(0.31, 2.17, -0.17)
(0.31, 2.17, -0.17)
(0.31, 2.17, -0.18)
(0.31, 2.17, -0.18)
(0.31, 2.18, -0.18)
(0.31, 2.18, -0.19)
(0.31, 2.18, -0.19)
(0.31, 2.18, -0.20)
(0.31, 2.18, -0.20)
(0.31, 2.18, -0.20)
(0.31, 2.18, -0.21)
(0.31, 2.18, -0.21)
(0.31, 2.18, -0.21)
(0.31, 2.18, -0.22)
(0.31, 2.18, -0.22)
(0.31, 2.18, -0.22)
(0.31, 2.18, -0.23)
(0.31, 2.18, -0.23)
(0.31, 2.18, -0.23)
(0.31, 2.18, -0.24)
(0.31, 2.18, -0.24)
(0.31, 2.19, -0.24)
(0.31, 2.19, -0.25)
(0.31, 2.19, -0.25)
(0.31, 2.19, -0.26)
(0.31, 2.19, -0.26)
(0.31, 2.19, -0.26)
(0.31, 2.19, -0.27)
(0.31, 2.19, -0.27)
(0.32, 2.19, -0.27)
(0.32, 2.19, -0.28)
(0.32, 2.19, -0.28)
(0.32, 2.19, -0.28)
(0.32, 2.19, -0.29)
(0.32, 2.19, -0.29)
(0.32, 2.20, -0.29)
(0.32, 2.20, -0.30)
(0.32, 2.20, -0.30)
(0.32, 2.20, -0.30)
(0.32, 2.20, -0.31)
(0.32, 2.20, -0.31)
(0.32, 2.20, -0.31)
(0.32, 2.20, -0.32)
(0.32, 2.20, -0.32)
(0.32, 2.20, -0.33)
(0.32, 2.20, -0.33)
(0.32, 2.21, -0.33)
(0.32, 2.21, -0.34)
(0.32, 2.21, -0.34)
(0.32, 2.21, -0.35)
(0.32, 2.21, -0.35)
(0.32, 2.21, -0.35)
(0.32, 2.21, -0.36)
(0.32, 2.21, -0.36)
(0.32, 2.21, -0.37)
(0.32, 2.21, -0.37)
(0.32, 2.21, -0.37)
(0.33, 2.22, -0.38)
(0.33, 2.22, -0.38)
(0.33, 2.22, -0.39)
(0.33, 2.22, -0.39)
(0.33, 2.22, -0.40)
(0.33, 2.22, -0.40)
(0.33, 2.22, -0.41)
(0.33, 2.22, -0.41)
(0.33, 2.22, -0.42)
(0.33, 2.22, -0.42)
(0.33, 2.23, -0.42)
(0.33, 2.23, -0.43)
(0.33, 2.23, -0.43)
(0.33, 2.23, -0.44)
(0.33, 2.23, -0.45)
(0.33, 2.23, -0.45)
(0.33, 2.23, -0.46)
(0.33, 2.23, -0.46)
(0.33, 2.23, -0.47)
(0.33, 2.23, -0.47)
(0.33, 2.24, -0.48)
(0.33, 2.24, -0.48)
(0.33, 2.24, -0.49)
(0.33, 2.24, -0.49)
(0.33, 2.24, -0.50)
(0.33, 2.24, -0.51)
(0.33, 2.24, -0.51)
(0.33, 2.24, -0.52)
(0.33, 2.24, -0.52)
(0.34, 2.25, -0.53)
(0.34, 2.25, -0.54)
(0.34, 2.25, -0.54)
(0.34, 2.25, -0.55)
(0.34, 2.25, -0.55)
(0.34, 2.25, -0.56)
(0.34, 2.25, -0.57)
(0.34, 2.25, -0.57)
(0.34, 2.25, -0.58)
(0.34, 2.25, -0.59)
(0.34, 2.26, -0.59)
(0.34, 2.26, -0.60)
(0.34, 2.26, -0.60)
(0.34, 2.26, -0.61)
(0.34, 2.26, -0.62)
(0.34, 2.26, -0.62)
(0.34, 2.26, -0.63)
(0.34, 2.26, -0.64)
(0.34, 2.26, -0.64)
(0.34, 2.27, -0.65)
(0.34, 2.27, -0.65)
(0.34, 2.27, -0.66)
(0.34, 2.27, -0.67)
(0.34, 2.27, -0.67)
(0.34, 2.27, -0.68)
(0.34, 2.27, -0.68)
(0.34, 2.27, -0.69)
(0.34, 2.28, -0.70)
(0.34, 2.28, -0.70)
(0.35, 2.28, -0.71)
(0.35, 2.28, -0.71)
(0.35, 2.28, -0.72)
(0.35, 2.28, -0.72)
(0.35, 2.28, -0.73)
(0.35, 2.28, -0.74)
(0.35, 2.29, -0.74)
(0.35, 2.29, -0.75)
(0.35, 2.29, -0.75)
(0.35, 2.29, -0.76)
(0.35, 2.29, -0.76)
(0.35, 2.29, -0.77)
(0.35, 2.29, -0.77)
(0.35, 2.29, -0.78)
(0.35, 2.30, -0.78)
(0.35, 2.30, -0.79)
(0.35, 2.30, -0.79)
(0.35, 2.30, -0.79)
(0.35, 2.30, -0.80)
(0.35, 2.30, -0.80)
(0.35, 2.30, -0.81)
(0.35, 2.30, -0.81)
(0.35, 2.31, -0.81)
(0.35, 2.31, -0.82)
(0.35, 2.31, -0.82)
(0.35, 2.31, -0.83)
(0.35, 2.31, -0.83)
(0.35, 2.31, -0.83)
(0.35, 2.31, -0.83)
(0.35, 2.32, -0.84)
(0.35, 2.32, -0.84)
(0.36, 2.32, -0.84)
(0.36, 2.32, -0.85)
(0.36, 2.32, -0.85)
(0.36, 2.32, -0.85)
(0.36, 2.32, -0.85)
(0.36, 2.32, -0.86)
(0.36, 2.33, -0.86)
(0.36, 2.33, -0.86)
(0.36, 2.33, -0.86)
(0.36, 2.33, -0.86)
(0.36, 2.33, -0.86)
(0.36, 2.33, -0.87)
(0.36, 2.33, -0.87)
(0.36, 2.34, -0.87)
(0.36, 2.34, -0.87)
(0.36, 2.34, -0.87)
(0.36, 2.34, -0.87)
(0.36, 2.34, -0.87)
(0.36, 2.34, -0.87)
(0.36, 2.34, -0.87)
(0.36, 2.34, -0.87)
(0.36, 2.35, -0.87)
(0.36, 2.35, -0.87)
(0.36, 2.35, -0.87)
(0.36, 2.35, -0.87)
(0.36, 2.35, -0.87)
(0.36, 2.35, -0.87)
(0.36, 2.35, -0.87)
(0.36, 2.35, -0.87)
(0.36, 2.36, -0.87)
(0.36, 2.36, -0.87)
(0.36, 2.36, -0.86)
(0.36, 2.36, -0.86)
(0.36, 2.36, -0.86)
(0.36, 2.36, -0.86)
(0.37, 2.36, -0.86)
(0.37, 2.36, -0.85)
(0.37, 2.37, -0.85)
(0.37, 2.37, -0.85)
(0.37, 2.37, -0.85)
(0.37, 2.37, -0.84)
(0.37, 2.37, -0.84)
(0.37, 2.37, -0.84)
(0.37, 2.37, -0.84)
(0.37, 2.37, -0.83)
(0.37, 2.38, -0.83)
(0.37, 2.38, -0.83)
(0.37, 2.38, -0.82)
(0.37, 2.38, -0.82)
(0.37, 2.38, -0.82)
(0.37, 2.38, -0.81)
(0.37, 2.38, -0.81)
(0.37, 2.38, -0.80)
(0.37, 2.38, -0.80)
(0.37, 2.39, -0.79)
(0.37, 2.39, -0.79)
(0.37, 2.39, -0.78)
(0.37, 2.39, -0.78)
(0.37, 2.39, -0.77)
(0.37, 2.39, -0.77)
(0.37, 2.39, -0.76)
(0.37, 2.39, -0.76)
(0.37, 2.39, -0.75)
(0.37, 2.40, -0.75)
(0.37, 2.40, -0.74)
(0.37, 2.40, -0.74)
(0.37, 2.40, -0.73)
(0.37, 2.40, -0.72)
(0.37, 2.40, -0.72)
(0.37, 2.40, -0.71)
(0.37, 2.40, -0.71)
(0.37, 2.40, -0.70)
(0.37, 2.40, -0.69)
(0.37, 2.41, -0.69)
(0.37, 2.41, -0.68)
(0.38, 2.41, -0.67)
(0.38, 2.41, -0.67)
(0.38, 2.41, -0.66)
(0.38, 2.41, -0.65)
(0.38, 2.41, -0.64)
(0.38, 2.41, -0.64)
(0.38, 2.41, -0.63)
(0.38, 2.41, -0.62)
(0.38, 2.42, -0.61)
(0.38, 2.42, -0.61)
(0.38, 2.42, -0.60)
(0.38, 2.42, -0.59)
(0.38, 2.42, -0.58)
(0.38, 2.42, -0.57)
(0.38, 2.42, -0.56)
(0.38, 2.42, -0.56)
(0.38, 2.42, -0.55)
(0.38, 2.42, -0.54)
(0.38, 2.42, -0.53)
(0.38, 2.42, -0.52)
(0.38, 2.43, -0.51)
(0.38, 2.43, -0.50)
(0.38, 2.43, -0.50)
(0.38, 2.43, -0.49)
(0.38, 2.43, -0.48)
(0.38, 2.43, -0.47)
(0.38, 2.43, -0.46)
(0.38, 2.43, -0.45)
(0.38, 2.43, -0.44)
(0.38, 2.43, -0.43)
(0.38, 2.43, -0.42)
(0.38, 2.43, -0.41)
(0.38, 2.44, -0.40)
(0.38, 2.44, -0.39)
(0.38, 2.44, -0.38)
(0.38, 2.44, -0.37)
(0.38, 2.44, -0.36)
(0.38, 2.44, -0.35)
(0.38, 2.44, -0.34)
(0.38, 2.44, -0.33)
(0.38, 2.44, -0.32)
(0.38, 2.44, -0.31)
(0.38, 2.44, -0.30)
(0.38, 2.44, -0.29)
(0.38, 2.45, -0.28)
(0.38, 2.45, -0.27)
(0.38, 2.45, -0.26)
(0.38, 2.45, -0.25)
(0.38, 2.45, -0.24)
(0.38, 2.45, -0.23)
(0.38, 2.45, -0.22)
(0.38, 2.45, -0.21)
(0.37, 2.45, -0.20)
(0.37, 2.45, -0.19)
(0.37, 2.45, -0.18)
(0.37, 2.46, -0.17)
(0.37, 2.46, -0.16)
(0.37, 2.46, -0.15)
(0.37, 2.46, -0.14)
(0.37, 2.46, -0.13)
(0.37, 2.46, -0.12)
(0.37, 2.46, -0.11)
(0.37, 2.46, -0.10)
(0.36, 2.46, -0.09)
(0.36, 2.46, -0.08)
(0.36, 2.46, -0.07)
(0.36, 2.46, -0.06)
(0.36, 2.47, -0.05)
(0.36, 2.47, -0.04)
(0.36, 2.47, -0.03)
(0.36, 2.47, -0.02)
(0.35, 2.47, -0.01)
(0.35, 2.47, 0.00)
(0.35, 2.47, 0.01)
(0.35, 2.47, 0.02)
(0.35, 2.47, 0.03)
(0.35, 2.47, 0.04)
(0.34, 2.48, 0.05)
(0.34, 2.48, 0.06)
(0.34, 2.48, 0.07)
(0.34, 2.48, 0.08)
(0.33, 2.48, 0.09)
(0.33, 2.48, 0.10)
(0.33, 2.48, 0.11)
(0.33, 2.48, 0.12)
(0.33, 2.48, 0.13)
(0.32, 2.48, 0.14)
(0.32, 2.48, 0.15)
(0.32, 2.49, 0.16)
(0.32, 2.49, 0.17)
(0.31, 2.49, 0.18)
(0.31, 2.49, 0.19)
(0.31, 2.49, 0.20)
(0.30, 2.49, 0.20)
(0.30, 2.49, 0.21)
(0.30, 2.49, 0.22)
(0.30, 2.49, 0.23)
(0.29, 2.49, 0.24)
(0.29, 2.50, 0.25)
(0.29, 2.50, 0.26)
(0.28, 2.50, 0.27)
(0.28, 2.50, 0.28)
(0.28, 2.50, 0.29)
(0.27, 2.50, 0.30)
(0.27, 2.50, 0.30)
(0.26, 2.50, 0.31)
(0.26, 2.50, 0.32)
(0.26, 2.50, 0.33)
(0.25, 2.51, 0.34)
(0.25, 2.51, 0.35)
(0.24, 2.51, 0.36)
(0.24, 2.51, 0.36)
(0.24, 2.51, 0.37)
(0.23, 2.51, 0.38)
(0.23, 2.51, 0.39)
(0.22, 2.51, 0.40)
(0.22, 2.51, 0.40)
(0.21, 2.52, 0.41)
(0.21, 2.52, 0.42)
(0.20, 2.52, 0.43)
(0.20, 2.52, 0.44)
(0.19, 2.52, 0.44)
(0.19, 2.52, 0.45)
(0.18, 2.52, 0.46)
(0.18, 2.52, 0.46)
(0.17, 2.52, 0.47)
(0.17, 2.52, 0.48)
(0.16, 2.53, 0.49)
(0.16, 2.53, 0.49)
(0.15, 2.53, 0.50)
(0.15, 2.53, 0.51)
(0.14, 2.53, 0.51)
(0.14, 2.53, 0.52)
(0.13, 2.53, 0.53)
(0.12, 2.53, 0.53)
(0.12, 2.53, 0.54)
(0.11, 2.54, 0.55)
(0.11, 2.54, 0.55)
(0.10, 2.54, 0.56)
(0.09, 2.54, 0.56)
(0.09, 2.54, 0.57)
(0.08, 2.54, 0.58)
(0.07, 2.54, 0.58)
(0.07, 2.54, 0.59)
(0.06, 2.54, 0.59)
(0.05, 2.54, 0.60)
(0.05, 2.55, 0.60)
(0.04, 2.55, 0.61)
(0.03, 2.55, 0.61)
(0.03, 2.55, 0.62)
(0.02, 2.55, 0.62)
(0.01, 2.55, 0.63)
(0.00, 2.55, 0.63)
(0.00, 2.55, 0.64)
(-0.01, 2.55, 0.64)
(-0.02, 2.55, 0.65)
(-0.03, 2.56, 0.65)
(-0.03, 2.56, 0.66)
(-0.04, 2.56, 0.66)
(-0.05, 2.56, 0.66)
(-0.06, 2.56, 0.67)
(-0.07, 2.56, 0.67)
(-0.07, 2.56, 0.67)
(-0.08, 2.56, 0.68)
(-0.09, 2.56, 0.68)
(-0.10, 2.56, 0.68)
(-0.11, 2.56, 0.69)
(-0.12, 2.57, 0.69)
(-0.12, 2.57, 0.69)
(-0.13, 2.57, 0.70)
(-0.14, 2.57, 0.70)
(-0.15, 2.57, 0.70)
(-0.16, 2.57, 0.70)
(-0.17, 2.57, 0.71)
(-0.18, 2.57, 0.71)
(-0.19, 2.57, 0.71)
(-0.20, 2.57, 0.71)
(-0.20, 2.57, 0.71)
(-0.21, 2.58, 0.72)
(-0.22, 2.58, 0.72)
(-0.23, 2.58, 0.72)
(-0.24, 2.58, 0.72)
(-0.25, 2.58, 0.72)
(-0.26, 2.58, 0.72)
(-0.27, 2.58, 0.72)
(-0.28, 2.58, 0.73)
(-0.29, 2.58, 0.73)
(-0.30, 2.58, 0.73)
(-0.31, 2.58, 0.73)
(-0.32, 2.58, 0.73)
(-0.33, 2.58, 0.73)
(-0.34, 2.58, 0.73)
(-0.36, 2.59, 0.73)
(-0.37, 2.59, 0.73)
(-0.38, 2.59, 0.73)
(-0.39, 2.59, 0.73)
(-0.40, 2.59, 0.73)
(-0.41, 2.59, 0.73)
(-0.42, 2.59, 0.73)
(-0.43, 2.59, 0.72)
(-0.44, 2.59, 0.72)
(-0.45, 2.59, 0.72)
(-0.47, 2.59, 0.72)
(-0.48, 2.59, 0.72)
(-0.49, 2.59, 0.72)
(-0.50, 2.59, 0.72)
(-0.51, 2.59, 0.72)
(-0.52, 2.59, 0.71)
(-0.53, 2.59, 0.71)
(-0.55, 2.59, 0.71)
(-0.56, 2.59, 0.71)
(-0.57, 2.59, 0.71)
(-0.58, 2.60, 0.70)
(-0.59, 2.60, 0.70)
(-0.61, 2.60, 0.70)
(-0.62, 2.60, 0.70)
(-0.63, 2.60, 0.69)
(-0.64, 2.60, 0.69)
(-0.66, 2.60, 0.69)
(-0.67, 2.60, 0.68)
(-0.68, 2.60, 0.68)
(-0.69, 2.60, 0.68)
(-0.71, 2.60, 0.67)
(-0.72, 2.60, 0.67)
(-0.73, 2.60, 0.67)
(-0.74, 2.60, 0.66)
(-0.76, 2.60, 0.66)
(-0.77, 2.60, 0.66)
(-0.78, 2.60, 0.65)
(-0.80, 2.60, 0.65)
(-0.81, 2.60, 0.64)
(-0.82, 2.60, 0.64)
(-0.84, 2.60, 0.63)
(-0.85, 2.60, 0.63)
(-0.86, 2.60, 0.62)
(-0.87, 2.60, 0.62)
(-0.89, 2.60, 0.61)
(-0.90, 2.60, 0.61)
(-0.91, 2.60, 0.60)
(-0.93, 2.60, 0.60)
(-0.94, 2.60, 0.59)
(-0.96, 2.60, 0.59)
(-0.97, 2.60, 0.58)
(-0.98, 2.60, 0.58)
(-1.00, 2.60, 0.57)
(-1.01, 2.60, 0.57)
(-1.02, 2.60, 0.56)
(-1.04, 2.60, 0.55)
(-1.05, 2.60, 0.55)
(-1.06, 2.60, 0.54)
(-1.08, 2.60, 0.54)
(-1.09, 2.60, 0.53)
(-1.11, 2.60, 0.52)
(-1.12, 2.60, 0.52)
(-1.13, 2.60, 0.51)
(-1.15, 2.60, 0.50)
(-1.16, 2.60, 0.50)
(-1.18, 2.60, 0.49)
(-1.19, 2.60, 0.48)
(-1.20, 2.60, 0.48)
(-1.22, 2.60, 0.47)
(-1.23, 2.60, 0.46)
(-1.25, 2.60, 0.45)
(-1.26, 2.60, 0.45)
(-1.27, 2.60, 0.44)
(-1.29, 2.60, 0.43)
(-1.30, 2.60, 0.43)
(-1.32, 2.60, 0.42)
(-1.33, 2.60, 0.41)
(-1.35, 2.60, 0.40)
(-1.36, 2.60, 0.39)
(-1.37, 2.60, 0.39)
(-1.39, 2.60, 0.38)
(-1.40, 2.60, 0.37)
(-1.42, 2.60, 0.36)
(-1.43, 2.60, 0.35)
(-1.44, 2.60, 0.35)
(-1.46, 2.60, 0.34)
(-1.47, 2.60, 0.33)
(-1.49, 2.60, 0.32)
(-1.50, 2.60, 0.31)
(-1.52, 2.60, 0.30)
(-1.53, 2.60, 0.30)
(-1.54, 2.60, 0.29)
(-1.56, 2.60, 0.28)
(-1.57, 2.60, 0.27)
(-1.59, 2.60, 0.26)
(-1.60, 2.60, 0.25)
(-1.61, 2.60, 0.24)
(-1.63, 2.60, 0.23)
(-1.64, 2.60, 0.23)
(-1.66, 2.60, 0.22)
(-1.67, 2.60, 0.21)
(-1.69, 2.60, 0.20)
(-1.70, 2.60, 0.19)
(-1.71, 2.60, 0.18)
(-1.73, 2.60, 0.17)
(-1.74, 2.60, 0.16)
(-1.76, 2.60, 0.15)
(-1.77, 2.60, 0.14)
(-1.78, 2.60, 0.13)
(-1.80, 2.60, 0.12)
(-1.81, 2.60, 0.11)
(-1.82, 2.60, 0.10)
(-1.84, 2.60, 0.09)
(-1.85, 2.60, 0.08)
(-1.87, 2.60, 0.07)
(-1.88, 2.60, 0.06)
(-1.89, 2.60, 0.05)
(-1.91, 2.60, 0.04)
(-1.92, 2.60, 0.04)
(-1.93, 2.60, 0.03)
(-1.95, 2.60, 0.02)
(-1.96, 2.60, 0.01)
(-1.98, 2.60, -0.01)
(-1.99, 2.60, -0.02)
(-2.00, 2.60, -0.03)
(-2.02, 2.60, -0.04)
(-2.03, 2.60, -0.05)
(-2.04, 2.60, -0.06)
(-2.06, 2.60, -0.07)
(-2.07, 2.60, -0.08)
(-2.08, 2.60, -0.09)
(-2.10, 2.60, -0.10)
(-2.11, 2.60, -0.11)
(-2.12, 2.60, -0.12)
(-2.13, 2.60, -0.13)
(-2.15, 2.60, -0.14)
(-2.16, 2.60, -0.15)
(-2.17, 2.60, -0.16)
(-2.19, 2.60, -0.17)
(-2.20, 2.60, -0.18)
(-2.21, 2.60, -0.19)
(-2.23, 2.60, -0.20)
(-2.24, 2.60, -0.21)
(-2.25, 2.60, -0.22)
(-2.26, 2.60, -0.23)
(-2.28, 2.60, -0.24)
(-2.29, 2.60, -0.26)
(-2.30, 2.60, -0.27)
(-2.31, 2.60, -0.28)
(-2.33, 2.60, -0.29)
(-2.34, 2.60, -0.30)
(-2.35, 2.60, -0.31)
(-2.36, 2.60, -0.32)
(-2.37, 2.60, -0.33)
(-2.39, 2.60, -0.34)
(-2.40, 2.60, -0.35)
(-2.41, 2.60, -0.36)
(-2.42, 2.60, -0.37)
(-2.43, 2.60, -0.38)
(-2.45, 2.60, -0.40)
(-2.46, 2.60, -0.41)
(-2.47, 2.60, -0.42)
(-2.48, 2.60, -0.43)
(-2.49, 2.60, -0.44)
(-2.50, 2.60, -0.45)
(-2.51, 2.60, -0.46)
(-2.53, 2.60, -0.47)
(-2.54, 2.60, -0.48)
(-2.55, 2.60, -0.49)
(-2.56, 2.60, -0.51)
(-2.57, 2.60, -0.52)
(-2.58, 2.60, -0.53)
(-2.59, 2.60, -0.54)
(-2.60, 2.60, -0.55)
(-2.61, 2.60, -0.56)
(-2.63, 2.60, -0.57)
(-2.64, 2.60, -0.58)
(-2.65, 2.60, -0.59)
(-2.66, 2.61, -0.60)
(-2.67, 2.61, -0.62)
(-2.68, 2.61, -0.63)
(-2.69, 2.61, -0.64)
(-2.70, 2.61, -0.65)
(-2.71, 2.61, -0.66)
(-2.72, 2.61, -0.67)
(-2.73, 2.61, -0.68)
(-2.74, 2.61, -0.69)
(-2.75, 2.61, -0.70)
(-2.76, 2.61, -0.71)
(-2.77, 2.61, -0.73)
(-2.78, 2.61, -0.74)
(-2.79, 2.61, -0.75)
(-2.80, 2.61, -0.76)
(-2.81, 2.61, -0.77)
(-2.82, 2.61, -0.78)
(-2.82, 2.61, -0.79)
(-2.83, 2.61, -0.80)
(-2.84, 2.61, -0.81)
(-2.85, 2.61, -0.82)
(-2.86, 2.61, -0.84)
(-2.87, 2.62, -0.85)
(-2.88, 2.62, -0.86)
(-2.89, 2.62, -0.87)
(-2.90, 2.62, -0.88)
(-2.90, 2.62, -0.89)
(-2.91, 2.62, -0.90)
(-2.92, 2.62, -0.91)
(-2.93, 2.62, -0.92)
(-2.94, 2.62, -0.93)
(-2.95, 2.62, -0.94)
(-2.95, 2.62, -0.96)
(-2.96, 2.62, -0.97)
(-2.97, 2.62, -0.98)
(-2.98, 2.62, -0.99)
(-2.98, 2.62, -1.00)
(-2.99, 2.62, -1.01)
(-3.00, 2.62, -1.02)
(-3.01, 2.63, -1.03)
(-3.01, 2.63, -1.04)
(-3.02, 2.63, -1.05)
(-3.03, 2.63, -1.06)
(-3.04, 2.63, -1.07)
(-3.04, 2.63, -1.09)
(-3.05, 2.63, -1.10)
(-3.06, 2.63, -1.11)
(-3.06, 2.63, -1.12)
(-3.07, 2.63, -1.13)
(-3.08, 2.63, -1.14)
(-3.08, 2.63, -1.15)
(-3.09, 2.63, -1.16)
(-3.10, 2.63, -1.17)
(-3.10, 2.64, -1.18)
(-3.11, 2.64, -1.19)
(-3.11, 2.64, -1.20)
(-3.12, 2.64, -1.21)
(-3.13, 2.64, -1.22)
(-3.13, 2.64, -1.23)
(-3.14, 2.64, -1.24)
(-3.14, 2.64, -1.25)
(-3.15, 2.64, -1.26)
(-3.15, 2.64, -1.28)
(-3.16, 2.64, -1.29)
(-3.16, 2.64, -1.30)
(-3.17, 2.65, -1.31)
(-3.17, 2.65, -1.32)
(-3.18, 2.65, -1.33)
(-3.18, 2.65, -1.34)
(-3.19, 2.65, -1.35)
(-3.19, 2.65, -1.36)
(-3.20, 2.65, -1.37)
(-3.20, 2.65, -1.38)
(-3.21, 2.65, -1.39)
(-3.21, 2.65, -1.40)
(-3.22, 2.65, -1.41)
(-3.22, 2.66, -1.42)
(-3.22, 2.66, -1.43)
(-3.23, 2.66, -1.44)
(-3.23, 2.66, -1.45)
(-3.24, 2.66, -1.46)
(-3.24, 2.66, -1.47)
(-3.24, 2.66, -1.48)
(-3.25, 2.66, -1.49)
(-3.25, 2.66, -1.50)
(-3.25, 2.66, -1.51)
(-3.26, 2.66, -1.52)
(-3.26, 2.67, -1.52)
(-3.26, 2.67, -1.53)
(-3.27, 2.67, -1.54)
(-3.27, 2.67, -1.55)
(-3.27, 2.67, -1.56)
(-3.28, 2.67, -1.57)
(-3.28, 2.67, -1.58)
(-3.28, 2.67, -1.59)
(-3.28, 2.67, -1.60)
(-3.29, 2.68, -1.61)
(-3.29, 2.68, -1.62)
(-3.29, 2.68, -1.63)
(-3.29, 2.68, -1.64)
(-3.30, 2.68, -1.65)
(-3.30, 2.68, -1.65)
(-3.30, 2.68, -1.66)
(-3.30, 2.68, -1.67)
(-3.30, 2.68, -1.68)
(-3.31, 2.68, -1.69)
(-3.31, 2.69, -1.70)
(-3.31, 2.69, -1.71)
(-3.31, 2.69, -1.72)
(-3.31, 2.69, -1.72)
(-3.31, 2.69, -1.73)
(-3.32, 2.69, -1.74)
(-3.32, 2.69, -1.75)
(-3.32, 2.69, -1.76)
(-3.32, 2.69, -1.77)
(-3.32, 2.70, -1.77)
(-3.32, 2.70, -1.78)
(-3.32, 2.70, -1.79)
(-3.32, 2.70, -1.80)
(-3.32, 2.70, -1.81)
(-3.32, 2.70, -1.81)
(-3.32, 2.70, -1.82)
(-3.33, 2.70, -1.83)
(-3.33, 2.71, -1.84)
(-3.33, 2.71, -1.85)
(-3.33, 2.71, -1.85)
(-3.33, 2.71, -1.86)
(-3.33, 2.71, -1.87)
(-3.33, 2.71, -1.88)
(-3.33, 2.71, -1.88)
(-3.33, 2.71, -1.89)
(-3.33, 2.72, -1.90)
(-3.33, 2.72, -1.91)
(-3.33, 2.72, -1.91)
(-3.33, 2.72, -1.92)
(-3.33, 2.72, -1.93)
(-3.32, 2.72, -1.93)
(-3.32, 2.72, -1.94)
(-3.32, 2.72, -1.95)
(-3.32, 2.72, -1.95)
(-3.32, 2.73, -1.96)
(-3.32, 2.73, -1.97)
(-3.32, 2.73, -1.97)
(-3.32, 2.73, -1.98)
(-3.32, 2.73, -1.99)
(-3.32, 2.73, -1.99)
(-3.32, 2.73, -2.00)
(-3.31, 2.73, -2.01)
(-3.31, 2.74, -2.01)
(-3.31, 2.74, -2.02)
(-3.31, 2.74, -2.02)
(-3.31, 2.74, -2.03)
(-3.31, 2.74, -2.04)
(-3.31, 2.74, -2.04)
(-3.30, 2.74, -2.05)
(-3.30, 2.75, -2.05)
(-3.30, 2.75, -2.06)
(-3.30, 2.75, -2.06)
(-3.30, 2.75, -2.07)
(-3.29, 2.75, -2.08)
(-3.29, 2.75, -2.08)
(-3.29, 2.75, -2.09)
(-3.29, 2.75, -2.09)
(-3.28, 2.76, -2.10)
(-3.28, 2.76, -2.10)
(-3.28, 2.76, -2.11)
(-3.28, 2.76, -2.11)
(-3.27, 2.76, -2.12)
(-3.27, 2.76, -2.12)
(-3.27, 2.76, -2.13)
(-3.27, 2.76, -2.13)
(-3.26, 2.77, -2.13)
(-3.26, 2.77, -2.14)
(-3.26, 2.77, -2.14)
(-3.25, 2.77, -2.15)
(-3.25, 2.77, -2.15)
(-3.25, 2.77, -2.16)
(-3.24, 2.77, -2.16)
(-3.24, 2.78, -2.16)
(-3.24, 2.78, -2.17)
(-3.23, 2.78, -2.17)
(-3.23, 2.78, -2.17)
(-3.23, 2.78, -2.18)
(-3.22, 2.78, -2.18)
(-3.22, 2.78, -2.19)
(-3.21, 2.78, -2.19)
(-3.21, 2.79, -2.19)
(-3.21, 2.79, -2.20)
(-3.20, 2.79, -2.20)
(-3.20, 2.79, -2.20)
(-3.19, 2.79, -2.20)
(-3.19, 2.79, -2.21)
(-3.19, 2.79, -2.21)
(-3.18, 2.79, -2.21)
(-3.18, 2.80, -2.22)
(-3.17, 2.80, -2.22)
(-3.17, 2.80, -2.22)
(-3.16, 2.80, -2.22)
(-3.16, 2.80, -2.23)
(-3.15, 2.80, -2.23)
(-3.15, 2.80, -2.23)
(-3.14, 2.81, -2.23)
(-3.14, 2.81, -2.23)
(-3.13, 2.81, -2.24)
(-3.13, 2.81, -2.24)
(-3.12, 2.81, -2.24)
(-3.12, 2.81, -2.24)
(-3.11, 2.81, -2.24)
(-3.11, 2.81, -2.25)
(-3.10, 2.82, -2.25)
(-3.10, 2.82, -2.25)
(-3.09, 2.82, -2.25)
(-3.09, 2.82, -2.25)
(-3.08, 2.82, -2.25)
(-3.07, 2.82, -2.25)
(-3.07, 2.82, -2.25)
(-3.06, 2.82, -2.25)
(-3.06, 2.83, -2.26)
(-3.05, 2.83, -2.26)
(-3.05, 2.83, -2.26)
(-3.04, 2.83, -2.26)
(-3.03, 2.83, -2.26)
(-3.03, 2.83, -2.26)
(-3.02, 2.83, -2.26)
(-3.01, 2.83, -2.26)
(-3.01, 2.84, -2.26)
(-3.00, 2.84, -2.26)
(-3.00, 2.84, -2.26)
(-2.99, 2.84, -2.26)
(-2.98, 2.84, -2.26)
(-2.98, 2.84, -2.26)
(-2.97, 2.84, -2.26)
(-2.96, 2.84, -2.26)
(-2.96, 2.84, -2.26)
(-2.95, 2.85, -2.26)
(-2.94, 2.85, -2.26)
(-2.93, 2.85, -2.25)
(-2.93, 2.85, -2.25)
(-2.92, 2.85, -2.25)
(-2.91, 2.85, -2.25)
(-2.91, 2.85, -2.25)
(-2.90, 2.85, -2.25)
(-2.89, 2.85, -2.25)
(-2.88, 2.86, -2.25)
(-2.88, 2.86, -2.25)
(-2.87, 2.86, -2.24)
(-2.86, 2.86, -2.24)
(-2.85, 2.86, -2.24)
(-2.85, 2.86, -2.24)
(-2.84, 2.86, -2.24)
(-2.83, 2.86, -2.23)
(-2.82, 2.86, -2.23)
(-2.81, 2.87, -2.23)
(-2.81, 2.87, -2.23)
(-2.80, 2.87, -2.23)
(-2.79, 2.87, -2.22)
(-2.78, 2.87, -2.22)
(-2.77, 2.87, -2.22)
(-2.77, 2.87, -2.21)
(-2.76, 2.87, -2.21)
(-2.75, 2.87, -2.21)
(-2.74, 2.87, -2.21)
(-2.73, 2.88, -2.20)
(-2.72, 2.88, -2.20)
(-2.71, 2.88, -2.20)
(-2.71, 2.88, -2.19)
(-2.70, 2.88, -2.19)
(-2.69, 2.88, -2.19)
(-2.68, 2.88, -2.18)
(-2.67, 2.88, -2.18)
(-2.66, 2.88, -2.17)
(-2.65, 2.88, -2.17)
(-2.64, 2.88, -2.17)
(-2.63, 2.89, -2.16)
(-2.62, 2.89, -2.16)
(-2.62, 2.89, -2.15)
(-2.61, 2.89, -2.15)
(-2.60, 2.89, -2.15)
(-2.59, 2.89, -2.14)
(-2.58, 2.89, -2.14)
(-2.57, 2.89, -2.13)
(-2.56, 2.89, -2.13)
(-2.55, 2.89, -2.12)
(-2.54, 2.89, -2.12)
(-2.53, 2.89, -2.11)
(-2.52, 2.90, -2.11)
(-2.51, 2.90, -2.10)
(-2.50, 2.90, -2.10)
(-2.49, 2.90, -2.09)
(-2.48, 2.90, -2.09)
(-2.47, 2.90, -2.08)
(-2.46, 2.90, -2.07)
(-2.45, 2.90, -2.07)
(-2.44, 2.90, -2.06)
(-2.43, 2.90, -2.06)
(-2.42, 2.90, -2.05)
(-2.41, 2.90, -2.04)
(-2.40, 2.90, -2.04)
(-2.39, 2.90, -2.03)
(-2.38, 2.90, -2.03)
(-2.37, 2.90, -2.02)
(-2.35, 2.91, -2.01)
(-2.34, 2.91, -2.01)
(-2.33, 2.91, -2.00)
(-2.32, 2.91, -1.99)
(-2.31, 2.91, -1.98)
(-2.30, 2.91, -1.98)
(-2.29, 2.91, -1.97)
(-2.28, 2.91, -1.96)
(-2.27, 2.91, -1.96)
(-2.26, 2.91, -1.95)
(-2.24, 2.91, -1.94)
(-2.23, 2.91, -1.93)
(-2.22, 2.91, -1.93)
(-2.21, 2.91, -1.92)
(-2.20, 2.91, -1.91)
(-2.19, 2.91, -1.90)
(-2.18, 2.91, -1.90)
(-2.17, 2.91, -1.89)
(-2.15, 2.91, -1.88)
(-2.14, 2.91, -1.87)
(-2.13, 2.91, -1.86)
(-2.12, 2.91, -1.85)
(-2.11, 2.91, -1.85)
(-2.10, 2.92, -1.84)
(-2.08, 2.92, -1.83)
(-2.07, 2.92, -1.82)
(-2.06, 2.92, -1.81)
(-2.05, 2.92, -1.80)
(-2.04, 2.92, -1.79)
(-2.02, 2.92, -1.79)
(-2.01, 2.92, -1.78)
(-2.00, 2.92, -1.77)
(-1.99, 2.92, -1.76)
(-1.98, 2.92, -1.75)
(-1.96, 2.92, -1.74)
(-1.95, 2.92, -1.73)
(-1.94, 2.92, -1.72)
(-1.93, 2.92, -1.71)
(-1.92, 2.92, -1.70)
(-1.90, 2.92, -1.69)
(-1.89, 2.92, -1.68)
(-1.88, 2.92, -1.67)
(-1.87, 2.92, -1.66)
(-1.85, 2.92, -1.65)
(-1.84, 2.92, -1.64)
(-1.83, 2.92, -1.63)
(-1.82, 2.92, -1.62)
(-1.81, 2.92, -1.61)
(-1.79, 2.92, -1.60)
(-1.78, 2.92, -1.59)
(-1.77, 2.92, -1.58)
(-1.76, 2.92, -1.57)
(-1.74, 2.92, -1.56)
(-1.73, 2.92, -1.55)
(-1.72, 2.92, -1.54)
(-1.71, 2.92, -1.53)
(-1.69, 2.92, -1.52)
(-1.68, 2.92, -1.51)
(-1.67, 2.92, -1.50)
(-1.66, 2.92, -1.49)
(-1.64, 2.92, -1.48)
(-1.63, 2.92, -1.47)
(-1.62, 2.92, -1.46)
(-1.61, 2.92, -1.45)
(-1.59, 2.92, -1.44)
(-1.58, 2.92, -1.42)
(-1.57, 2.92, -1.41)
(-1.56, 2.92, -1.40)
(-1.54, 2.92, -1.39)
(-1.53, 2.92, -1.38)
(-1.52, 2.92, -1.37)
(-1.51, 2.92, -1.36)
(-1.49, 2.92, -1.35)
(-1.48, 2.92, -1.34)
(-1.47, 2.92, -1.32)
(-1.46, 2.92, -1.31)
(-1.45, 2.92, -1.30)
(-1.43, 2.92, -1.29)
(-1.42, 2.92, -1.28)
(-1.41, 2.92, -1.27)
(-1.40, 2.92, -1.26)
(-1.38, 2.92, -1.24)
(-1.37, 2.92, -1.23)
(-1.36, 2.92, -1.22)
(-1.35, 2.92, -1.21)
(-1.33, 2.92, -1.20)
(-1.32, 2.92, -1.19)
(-1.31, 2.92, -1.18)
(-1.30, 2.92, -1.16)
(-1.29, 2.92, -1.15)
(-1.27, 2.92, -1.14)
(-1.26, 2.92, -1.13)
(-1.25, 2.92, -1.12)
(-1.24, 2.92, -1.11)
(-1.23, 2.93, -1.09)
(-1.21, 2.93, -1.08)
(-1.20, 2.93, -1.07)
(-1.19, 2.93, -1.06)
(-1.18, 2.93, -1.05)
(-1.17, 2.93, -1.03)
(-1.15, 2.93, -1.02)
(-1.14, 2.93, -1.01)
(-1.13, 2.93, -1.00)
(-1.12, 2.93, -0.99)
(-1.11, 2.93, -0.97)
(-1.10, 2.93, -0.96)
(-1.08, 2.93, -0.95)
(-1.07, 2.93, -0.94)
(-1.06, 2.93, -0.93)
(-1.05, 2.93, -0.91)
(-1.04, 2.93, -0.90)
(-1.03, 2.93, -0.89)
(-1.01, 2.93, -0.88)
(-1.00, 2.93, -0.87)
(-0.99, 2.93, -0.85)
(-0.98, 2.93, -0.84)
(-0.97, 2.93, -0.83)
(-0.96, 2.93, -0.82)
(-0.95, 2.93, -0.81)
(-0.94, 2.93, -0.79)
(-0.92, 2.93, -0.78)
(-0.91, 2.93, -0.77)
(-0.90, 2.93, -0.76)
(-0.89, 2.93, -0.75)
(-0.88, 2.93, -0.73)
(-0.87, 2.93, -0.72)
(-0.86, 2.93, -0.71)
(-0.85, 2.93, -0.70)
(-0.84, 2.93, -0.69)
(-0.83, 2.93, -0.67)
(-0.82, 2.93, -0.66)
(-0.81, 2.93, -0.65)
(-0.80, 2.93, -0.64)
(-0.79, 2.93, -0.63)
(-0.78, 2.93, -0.61)
(-0.77, 2.93, -0.60)
(-0.75, 2.94, -0.59)
(-0.74, 2.94, -0.58)
(-0.73, 2.94, -0.57)
(-0.72, 2.94, -0.55)
(-0.71, 2.94, -0.54)
(-0.70, 2.94, -0.53)
(-0.69, 2.94, -0.52)
(-0.69, 2.94, -0.51)
(-0.68, 2.94, -0.49)
(-0.67, 2.94, -0.48)
(-0.66, 2.94, -0.47)
(-0.65, 2.94, -0.46)
(-0.64, 2.94, -0.45)
(-0.63, 2.94, -0.44)
(-0.62, 2.94, -0.42)
(-0.61, 2.94, -0.41)
(-0.60, 2.94, -0.40)
(-0.59, 2.94, -0.39)
(-0.58, 2.94, -0.38)
(-0.57, 2.94, -0.36)
(-0.56, 2.94, -0.35)
(-0.55, 2.94, -0.34)
(-0.55, 2.95, -0.33)
(-0.54, 2.95, -0.32)
(-0.53, 2.95, -0.31)
(-0.52, 2.95, -0.29)
(-0.51, 2.95, -0.28)
(-0.50, 2.95, -0.27)
(-0.49, 2.95, -0.26)
(-0.49, 2.95, -0.25)
(-0.48, 2.95, -0.24)
(-0.47, 2.95, -0.22)
(-0.46, 2.95, -0.21)
(-0.45, 2.95, -0.20)
(-0.44, 2.95, -0.19)
(-0.44, 2.95, -0.18)
(-0.43, 2.95, -0.17)
(-0.42, 2.95, -0.16)
(-0.41, 2.96, -0.14)
(-0.41, 2.96, -0.13)
(-0.40, 2.96, -0.12)
(-0.39, 2.96, -0.11)
(-0.38, 2.96, -0.10)
(-0.38, 2.96, -0.09)
(-0.37, 2.96, -0.08)
(-0.36, 2.96, -0.07)
(-0.35, 2.96, -0.05)
(-0.35, 2.96, -0.04)
(-0.34, 2.96, -0.03)
(-0.33, 2.96, -0.02)
(-0.33, 2.96, -0.01)
(-0.32, 2.96, 0.00)
(-0.31, 2.97, 0.01)
(-0.31, 2.97, 0.02)
(-0.30, 2.97, 0.03)
(-0.29, 2.97, 0.04)
(-0.29, 2.97, 0.05)
(-0.28, 2.97, 0.07)
(-0.27, 2.97, 0.08)
(-0.27, 2.97, 0.09)
(-0.26, 2.97, 0.10)
(-0.26, 2.97, 0.11)
(-0.25, 2.97, 0.12)
(-0.24, 2.98, 0.13)
(-0.24, 2.98, 0.14)
(-0.23, 2.98, 0.15)
(-0.23, 2.98, 0.16)
(-0.22, 2.98, 0.17)
(-0.22, 2.98, 0.18)
(-0.21, 2.98, 0.19)
(-0.20, 2.98, 0.20)
(-0.20, 2.98, 0.21)
(-0.19, 2.98, 0.22)
(-0.19, 2.98, 0.23)
(-0.18, 2.99, 0.24)
(-0.18, 2.99, 0.25)
(-0.17, 2.99, 0.26)
(-0.17, 2.99, 0.27)
(-0.16, 2.99, 0.28)
(-0.16, 2.99, 0.29)
(-0.15, 2.99, 0.30)
(-0.15, 2.99, 0.31)
(-0.15, 2.99, 0.32)
(-0.14, 2.99, 0.33)
(-0.14, 3.00, 0.34)
(-0.13, 3.00, 0.35)
(-0.13, 3.00, 0.36)
(-0.12, 3.00, 0.37)
(-0.12, 3.00, 0.38)
(-0.12, 3.00, 0.39)
(-0.11, 3.00, 0.39)
(-0.11, 3.00, 0.40)
(-0.10, 3.00, 0.41)
(-0.10, 3.01, 0.42)
(-0.10, 3.01, 0.43)
(-0.09, 3.01, 0.44)
(-0.09, 3.01, 0.45)
(-0.09, 3.01, 0.46)
(-0.08, 3.01, 0.47)
(-0.08, 3.01, 0.47)
(-0.08, 3.01, 0.48)
(-0.07, 3.01, 0.49)
(-0.07, 3.02, 0.50)
(-0.07, 3.02, 0.51)
(-0.06, 3.02, 0.52)
(-0.06, 3.02, 0.52)
(-0.06, 3.02, 0.53)
(-0.05, 3.02, 0.54)
(-0.05, 3.02, 0.55)
(-0.05, 3.02, 0.56)
(-0.05, 3.02, 0.56)
(-0.04, 3.03, 0.57)
(-0.04, 3.03, 0.58)
(-0.04, 3.03, 0.59)
(-0.04, 3.03, 0.60)
(-0.03, 3.03, 0.60)
(-0.03, 3.03, 0.61)
(-0.03, 3.03, 0.62)
(-0.03, 3.03, 0.62)
(-0.03, 3.04, 0.63)
(-0.02, 3.04, 0.64)
(-0.02, 3.04, 0.65)
(-0.02, 3.04, 0.65)
(-0.02, 3.04, 0.66)
(-0.02, 3.04, 0.67)
(-0.02, 3.04, 0.67)
(-0.01, 3.05, 0.68)
(-0.01, 3.05, 0.69)
(-0.01, 3.05, 0.69)
(-0.01, 3.05, 0.70)
(-0.01, 3.05, 0.71)
(-0.01, 3.05, 0.71)
(-0.01, 3.05, 0.72)
(-0.01, 3.05, 0.73)
(-0.01, 3.06, 0.73)
(0.00, 3.06, 0.74)
(0.00, 3.06, 0.74)
(0.00, 3.06, 0.75)
(0.00, 3.06, 0.76)
(0.00, 3.06, 0.76)
(0.00, 3.06, 0.77)
(0.00, 3.06, 0.77)
(0.00, 3.07, 0.78)
(0.00, 3.07, 0.78)
(0.00, 3.07, 0.79)
(0.00, 3.07, 0.80)
(0.00, 3.07, 0.80)
(0.00, 3.07, 0.81)
(0.00, 3.07, 0.81)
(0.00, 3.08, 0.82)
(0.00, 3.08, 0.82)
(0.00, 3.08, 0.83)
(0.00, 3.08, 0.83)
(0.00, 3.08, 0.84)
(0.00, 3.08, 0.84)
(0.00, 3.08, 0.84)
(0.00, 3.09, 0.85)
(0.00, 3.09, 0.85)
(0.00, 3.09, 0.86)
(0.00, 3.09, 0.86)
(0.00, 3.09, 0.87)
(0.00, 3.09, 0.87)
(-0.01, 3.09, 0.87)
(-0.01, 3.10, 0.88)
(-0.01, 3.10, 0.88)
(-0.01, 3.10, 0.89)
(-0.01, 3.10, 0.89)
(-0.01, 3.10, 0.89)
(-0.01, 3.10, 0.90)
(-0.01, 3.10, 0.90)
(-0.02, 3.11, 0.90)
(-0.02, 3.11, 0.91)
(-0.02, 3.11, 0.91)
(-0.02, 3.11, 0.91)
(-0.02, 3.11, 0.92)
(-0.02, 3.11, 0.92)
(-0.03, 3.11, 0.92)
(-0.03, 3.11, 0.92)
(-0.03, 3.12, 0.93)
(-0.03, 3.12, 0.93)
(-0.03, 3.12, 0.93)
(-0.04, 3.12, 0.93)
(-0.04, 3.12, 0.94)
(-0.04, 3.12, 0.94)
(-0.04, 3.12, 0.94)
(-0.04, 3.13, 0.94)
(-0.05, 3.13, 0.94)
(-0.05, 3.13, 0.95)
(-0.05, 3.13, 0.95)
(-0.05, 3.13, 0.95)
(-0.06, 3.13, 0.95)
(-0.06, 3.13, 0.95)
(-0.06, 3.14, 0.95)
(-0.07, 3.14, 0.95)
(-0.07, 3.14, 0.96)
(-0.07, 3.14, 0.96)
(-0.08, 3.14, 0.96)
(-0.08, 3.14, 0.96)
(-0.08, 3.14, 0.96)
(-0.08, 3.15, 0.96)
(-0.09, 3.15, 0.96)
(-0.09, 3.15, 0.96)
(-0.09, 3.15, 0.96)
(-0.10, 3.15, 0.96)
(-0.10, 3.15, 0.96)
(-0.11, 3.15, 0.96)
(-0.11, 3.15, 0.96)
(-0.11, 3.16, 0.96)
(-0.12, 3.16, 0.96)
(-0.12, 3.16, 0.96)
(-0.13, 3.16, 0.96)
(-0.13, 3.16, 0.96)
(-0.13, 3.16, 0.96)
(-0.14, 3.16, 0.96)
(-0.14, 3.17, 0.96)
(-0.15, 3.17, 0.96)
(-0.15, 3.17, 0.96)
(-0.15, 3.17, 0.96)
(-0.16, 3.17, 0.96)
(-0.16, 3.17, 0.96)
(-0.17, 3.17, 0.96)
(-0.17, 3.17, 0.95)
(-0.18, 3.18, 0.95)
(-0.18, 3.18, 0.95)
(-0.19, 3.18, 0.95)
(-0.19, 3.18, 0.95)
(-0.20, 3.18, 0.95)
(-0.20, 3.18, 0.95)
(-0.21, 3.18, 0.94)
(-0.21, 3.18, 0.94)
(-0.22, 3.19, 0.94)
(-0.22, 3.19, 0.94)
(-0.23, 3.19, 0.94)
(-0.23, 3.19, 0.93)
(-0.24, 3.19, 0.93)
(-0.24, 3.19, 0.93)
(-0.25, 3.19, 0.93)
(-0.26, 3.19, 0.92)
(-0.26, 3.20, 0.92)
(-0.27, 3.20, 0.92)
(-0.27, 3.20, 0.91)
(-0.28, 3.20, 0.91)
(-0.29, 3.20, 0.91)
(-0.29, 3.20, 0.90)
(-0.30, 3.20, 0.90)
(-0.30, 3.20, 0.90)
(-0.31, 3.20, 0.89)
(-0.32, 3.21, 0.89)
(-0.32, 3.21, 0.89)
(-0.33, 3.21, 0.88)
(-0.34, 3.21, 0.88)
(-0.34, 3.21, 0.88)
(-0.35, 3.21, 0.87)
(-0.36, 3.21, 0.87)
(-0.36, 3.21, 0.86)
(-0.37, 3.21, 0.86)
(-0.38, 3.21, 0.85)
(-0.38, 3.22, 0.85)
(-0.39, 3.22, 0.84)
(-0.40, 3.22, 0.84)
(-0.40, 3.22, 0.84)
(-0.41, 3.22, 0.83)
(-0.42, 3.22, 0.83)
(-0.42, 3.22, 0.82)
(-0.43, 3.22, 0.82)
(-0.44, 3.22, 0.81)
(-0.45, 3.22, 0.80)
(-0.45, 3.23, 0.80)
(-0.46, 3.23, 0.79)
(-0.47, 3.23, 0.79)
(-0.48, 3.23, 0.78)
(-0.48, 3.23, 0.78)
(-0.49, 3.23, 0.77)
(-0.50, 3.23, 0.76)
(-0.51, 3.23, 0.76)
(-0.52, 3.23, 0.75)
(-0.52, 3.23, 0.75)
(-0.53, 3.23, 0.74)
(-0.54, 3.23, 0.73)
(-0.55, 3.24, 0.73)
(-0.56, 3.24, 0.72)
(-0.57, 3.24, 0.71)
(-0.57, 3.24, 0.71)
(-0.58, 3.24, 0.70)
(-0.59, 3.24, 0.69)
(-0.60, 3.24, 0.68)
(-0.61, 3.24, 0.68)
(-0.62, 3.24, 0.67)
(-0.63, 3.24, 0.66)
(-0.63, 3.24, 0.65)
(-0.64, 3.24, 0.65)
(-0.65, 3.24, 0.64)
(-0.66, 3.24, 0.63)
(-0.67, 3.25, 0.62)
(-0.68, 3.25, 0.62)
(-0.69, 3.25, 0.61)
(-0.70, 3.25, 0.60)
(-0.71, 3.25, 0.59)
(-0.71, 3.25, 0.58)
(-0.72, 3.25, 0.57)
(-0.73, 3.25, 0.57)
(-0.74, 3.25, 0.56)
(-0.75, 3.25, 0.55)
(-0.76, 3.25, 0.54)
(-0.77, 3.25, 0.53)
(-0.78, 3.25, 0.52)
(-0.79, 3.25, 0.51)
(-0.80, 3.25, 0.50)
(-0.81, 3.25, 0.50)
(-0.82, 3.25, 0.49)
(-0.83, 3.25, 0.48)
(-0.84, 3.25, 0.47)
(-0.85, 3.25, 0.46)
(-0.86, 3.26, 0.45)
(-0.87, 3.26, 0.44)
(-0.88, 3.26, 0.43)
(-0.89, 3.26, 0.42)
(-0.90, 3.26, 0.41)
(-0.91, 3.26, 0.40)
(-0.92, 3.26, 0.39)
(-0.93, 3.26, 0.38)
(-0.94, 3.26, 0.37)
(-0.95, 3.26, 0.36)
(-0.96, 3.26, 0.35)
(-0.97, 3.26, 0.34)
(-0.98, 3.26, 0.33)
(-0.99, 3.26, 0.32)
(-1.00, 3.26, 0.31)
(-1.01, 3.26, 0.30)
(-1.02, 3.26, 0.29)
(-1.03, 3.26, 0.28)
(-1.04, 3.26, 0.27)
(-1.05, 3.26, 0.26)
(-1.06, 3.26, 0.25)
(-1.07, 3.26, 0.24)
(-1.08, 3.26, 0.23)
(-1.09, 3.26, 0.21)
(-1.10, 3.26, 0.20)
(-1.11, 3.26, 0.19)
(-1.12, 3.26, 0.18)
(-1.13, 3.26, 0.17)
(-1.14, 3.26, 0.16)
(-1.15, 3.27, 0.15)
(-1.16, 3.27, 0.14)
(-1.17, 3.27, 0.13)
(-1.18, 3.27, 0.12)
(-1.19, 3.27, 0.10)
(-1.20, 3.27, 0.09)
(-1.21, 3.27, 0.08)
(-1.22, 3.27, 0.07)
(-1.23, 3.27, 0.06)
(-1.24, 3.27, 0.05)
(-1.25, 3.27, 0.04)
(-1.26, 3.27, 0.02)
(-1.27, 3.27, 0.01)
(-1.28, 3.27, 0.00)
(-1.29, 3.27, -0.01)
(-1.30, 3.27, -0.02)
(-1.31, 3.27, -0.04)
(-1.32, 3.27, -0.05)
(-1.33, 3.27, -0.06)
(-1.34, 3.27, -0.07)
(-1.35, 3.27, -0.08)
(-1.36, 3.27, -0.09)
(-1.37, 3.27, -0.11)
(-1.38, 3.27, -0.12)
(-1.39, 3.27, -0.13)
(-1.40, 3.27, -0.14)
(-1.41, 3.27, -0.15)
(-1.42, 3.27, -0.17)
(-1.43, 3.27, -0.18)
(-1.44, 3.27, -0.19)
(-1.45, 3.27, -0.20)
(-1.46, 3.27, -0.22)
(-1.47, 3.27, -0.23)
(-1.48, 3.27, -0.24)
(-1.49, 3.27, -0.25)
(-1.50, 3.27, -0.26)
(-1.51, 3.28, -0.28)
(-1.52, 3.28, -0.29)
(-1.53, 3.28, -0.30)
(-1.54, 3.28, -0.31)
(-1.55, 3.28, -0.33)
(-1.56, 3.28, -0.34)
(-1.57, 3.28, -0.35)
(-1.58, 3.28, -0.36)
(-1.59, 3.28, -0.38)
(-1.60, 3.28, -0.39)
(-1.61, 3.28, -0.40)
(-1.62, 3.28, -0.41)
(-1.62, 3.28, -0.43)
(-1.63, 3.28, -0.44)
(-1.64, 3.28, -0.45)
(-1.65, 3.28, -0.46)
(-1.66, 3.28, -0.47)
(-1.67, 3.28, -0.49)
(-1.68, 3.28, -0.50)
(-1.69, 3.28, -0.51)
(-1.70, 3.28, -0.52)
(-1.71, 3.28, -0.54)
(-1.71, 3.28, -0.55)
(-1.72, 3.28, -0.56)
(-1.73, 3.28, -0.57)
(-1.74, 3.28, -0.59)
(-1.75, 3.28, -0.60)
(-1.76, 3.28, -0.61)
(-1.77, 3.29, -0.62)
(-1.78, 3.29, -0.64)
(-1.78, 3.29, -0.65)
(-1.79, 3.29, -0.66)
(-1.80, 3.29, -0.67)
(-1.81, 3.29, -0.69)
(-1.82, 3.29, -0.70)
(-1.83, 3.29, -0.71)
(-1.83, 3.29, -0.72)
(-1.84, 3.29, -0.74)
(-1.85, 3.29, -0.75)
(-1.86, 3.29, -0.76)
(-1.87, 3.29, -0.77)
(-1.87, 3.29, -0.79)
(-1.88, 3.29, -0.80)
(-1.89, 3.29, -0.81)
(-1.90, 3.29, -0.82)
(-1.90, 3.29, -0.84)
(-1.91, 3.29, -0.85)
(-1.92, 3.30, -0.86)
(-1.93, 3.30, -0.87)
(-1.93, 3.30, -0.89)
(-1.94, 3.30, -0.90)
(-1.95, 3.30, -0.91)
(-1.96, 3.30, -0.92)
(-1.96, 3.30, -0.94)
(-1.97, 3.30, -0.95)
(-1.98, 3.30, -0.96)
(-1.98, 3.30, -0.97)
(-1.99, 3.30, -0.98)
(-2.00, 3.30, -1.00)
(-2.00, 3.30, -1.01)
(-2.01, 3.30, -1.02)
(-2.02, 3.30, -1.03)
(-2.02, 3.30, -1.05)
(-2.03, 3.30, -1.06)
(-2.04, 3.31, -1.07)
(-2.04, 3.31, -1.08)
(-2.05, 3.31, -1.09)
(-2.05, 3.31, -1.11)
(-2.06, 3.31, -1.12)
(-2.07, 3.31, -1.13)
(-2.07, 3.31, -1.14)
(-2.08, 3.31, -1.15)
(-2.08, 3.31, -1.17)
(-2.09, 3.31, -1.18)
(-2.10, 3.31, -1.19)
(-2.10, 3.31, -1.20)
(-2.11, 3.31, -1.21)
(-2.11, 3.32, -1.22)
(-2.12, 3.32, -1.24)
(-2.12, 3.32, -1.25)
(-2.13, 3.32, -1.26)
(-2.13, 3.32, -1.27)
(-2.14, 3.32, -1.28)
(-2.14, 3.32, -1.29)
(-2.15, 3.32, -1.31)
(-2.15, 3.32, -1.32)
(-2.16, 3.32, -1.33)
(-2.16, 3.32, -1.34)
(-2.17, 3.32, -1.35)
(-2.17, 3.33, -1.36)
(-2.18, 3.33, -1.37)
(-2.18, 3.33, -1.39)
(-2.18, 3.33, -1.40)
(-2.19, 3.33, -1.41)
(-2.19, 3.33, -1.42)
(-2.20, 3.33, -1.43)
(-2.20, 3.33, -1.44)
(-2.20, 3.33, -1.45)
(-2.21, 3.33, -1.46)
(-2.21, 3.33, -1.47)
(-2.22, 3.33, -1.49)
(-2.22, 3.34, -1.50)
(-2.22, 3.34, -1.51)
(-2.23, 3.34, -1.52)
(-2.23, 3.34, -1.53)
(-2.23, 3.34, -1.54)
(-2.24, 3.34, -1.55)
(-2.24, 3.34, -1.56)
(-2.24, 3.34, -1.57)
(-2.25, 3.34, -1.58)
(-2.25, 3.34, -1.59)
(-2.25, 3.35, -1.60)
(-2.26, 3.35, -1.61)
(-2.26, 3.35, -1.62)
(-2.26, 3.35, -1.63)
(-2.26, 3.35, -1.64)
(-2.27, 3.35, -1.65)
(-2.27, 3.35, -1.66)
(-2.27, 3.35, -1.67)
(-2.27, 3.35, -1.68)
(-2.28, 3.36, -1.69)
(-2.28, 3.36, -1.70)
(-2.28, 3.36, -1.71)
(-2.28, 3.36, -1.72)
(-2.28, 3.36, -1.73)
(-2.29, 3.36, -1.74)
(-2.29, 3.36, -1.75)
(-2.29, 3.36, -1.76)
(-2.29, 3.36, -1.77)
(-2.29, 3.37, -1.78)
(-2.29, 3.37, -1.79)
(-2.30, 3.37, -1.80)
(-2.30, 3.37, -1.80)
(-2.30, 3.37, -1.81)
(-2.30, 3.37, -1.82)
(-2.30, 3.37, -1.83)
(-2.30, 3.37, -1.84)
(-2.30, 3.37, -1.85)
(-2.30, 3.38, -1.86)
(-2.31, 3.38, -1.87)
(-2.31, 3.38, -1.87)
(-2.31, 3.38, -1.88)
(-2.31, 3.38, -1.89)
(-2.31, 3.38, -1.90)
(-2.31, 3.38, -1.91)
(-2.31, 3.38, -1.92)
(-2.31, 3.38, -1.92)
(-2.31, 3.39, -1.93)
(-2.31, 3.39, -1.94)
(-2.31, 3.39, -1.95)
(-2.31, 3.39, -1.96)
(-2.31, 3.39, -1.96)
(-2.31, 3.39, -1.97)
(-2.31, 3.39, -1.98)
(-2.31, 3.39, -1.99)
(-2.31, 3.40, -1.99)
(-2.31, 3.40, -2.00)
(-2.31, 3.40, -2.01)
(-2.31, 3.40, -2.01)
(-2.31, 3.40, -2.02)
(-2.31, 3.40, -2.03)
(-2.31, 3.40, -2.04)
(-2.31, 3.40, -2.04)
(-2.31, 3.41, -2.05)
(-2.31, 3.41, -2.06)
(-2.31, 3.41, -2.06)
(-2.31, 3.41, -2.07)
(-2.30, 3.41, -2.08)
(-2.30, 3.41, -2.08)
(-2.30, 3.41, -2.09)
(-2.30, 3.42, -2.09)
(-2.30, 3.42, -2.10)
(-2.30, 3.42, -2.11)
(-2.30, 3.42, -2.11)
(-2.30, 3.42, -2.12)
(-2.29, 3.42, -2.12)
(-2.29, 3.42, -2.13)
(-2.29, 3.42, -2.14)
(-2.29, 3.43, -2.14)
(-2.29, 3.43, -2.15)
(-2.29, 3.43, -2.15)
(-2.28, 3.43, -2.16)
(-2.28, 3.43, -2.16)
(-2.28, 3.43, -2.17)
(-2.28, 3.43, -2.17)
(-2.28, 3.43, -2.18)
(-2.27, 3.44, -2.18)
(-2.27, 3.44, -2.19)
(-2.27, 3.44, -2.19)
(-2.27, 3.44, -2.20)
(-2.26, 3.44, -2.20)
(-2.26, 3.44, -2.21)
(-2.26, 3.44, -2.21)
(-2.26, 3.45, -2.22)
(-2.25, 3.45, -2.22)
(-2.25, 3.45, -2.22)
(-2.25, 3.45, -2.23)
(-2.24, 3.45, -2.23)
(-2.24, 3.45, -2.24)
(-2.24, 3.45, -2.24)
(-2.24, 3.45, -2.24)
(-2.23, 3.46, -2.25)
(-2.23, 3.46, -2.25)
(-2.23, 3.46, -2.25)
(-2.22, 3.46, -2.26)
(-2.22, 3.46, -2.26)
(-2.22, 3.46, -2.26)
(-2.21, 3.46, -2.27)
(-2.21, 3.47, -2.27)
(-2.20, 3.47, -2.27)
(-2.20, 3.47, -2.27)
(-2.20, 3.47, -2.28)
(-2.19, 3.47, -2.28)
(-2.19, 3.47, -2.28)
(-2.18, 3.47, -2.28)
(-2.18, 3.47, -2.29)
(-2.18, 3.48, -2.29)
(-2.17, 3.48, -2.29)
(-2.17, 3.48, -2.29)
(-2.16, 3.48, -2.29)
(-2.16, 3.48, -2.30)
(-2.15, 3.48, -2.30)
(-2.15, 3.48, -2.30)
(-2.14, 3.48, -2.30)
(-2.14, 3.49, -2.30)
(-2.14, 3.49, -2.30)
(-2.13, 3.49, -2.31)
(-2.13, 3.49, -2.31)
(-2.12, 3.49, -2.31)
(-2.12, 3.49, -2.31)
(-2.11, 3.49, -2.31)
(-2.11, 3.50, -2.31)
(-2.10, 3.50, -2.31)
(-2.09, 3.50, -2.31)
(-2.09, 3.50, -2.31)
(-2.08, 3.50, -2.31)
(-2.08, 3.50, -2.31)
(-2.07, 3.50, -2.31)
(-2.07, 3.50, -2.31)
(-2.06, 3.50, -2.31)
(-2.06, 3.51, -2.31)
(-2.05, 3.51, -2.31)
(-2.04, 3.51, -2.31)
(-2.04, 3.51, -2.31)
(-2.03, 3.51, -2.31)
(-2.03, 3.51, -2.31)
(-2.02, 3.51, -2.31)
(-2.01, 3.51, -2.31)
(-2.01, 3.52, -2.31)
(-2.00, 3.52, -2.31)
(-1.99, 3.52, -2.31)
(-1.99, 3.52, -2.31)
(-1.98, 3.52, -2.30)
(-1.97, 3.52, -2.30)
(-1.97, 3.52, -2.30)
(-1.96, 3.52, -2.30)
(-1.95, 3.52, -2.30)
(-1.95, 3.53, -2.30)
(-1.94, 3.53, -2.29)
(-1.93, 3.53, -2.29)
(-1.93, 3.53, -2.29)
(-1.92, 3.53, -2.29)
(-1.91, 3.53, -2.29)
(-1.91, 3.53, -2.28)
(-1.90, 3.53, -2.28)
(-1.89, 3.53, -2.28)
(-1.88, 3.54, -2.28)
(-1.88, 3.54, -2.27)
(-1.87, 3.54, -2.27)
(-1.86, 3.54, -2.27)
(-1.85, 3.54, -2.27)
(-1.85, 3.54, -2.26)
(-1.84, 3.54, -2.26)
(-1.83, 3.54, -2.26)
(-1.82, 3.54, -2.25)
(-1.81, 3.54, -2.25)
(-1.81, 3.54, -2.24)
(-1.80, 3.55, -2.24)
(-1.79, 3.55, -2.24)
(-1.78, 3.55, -2.23)
(-1.77, 3.55, -2.23)
(-1.76, 3.55, -2.23)
(-1.76, 3.55, -2.22)
(-1.75, 3.55, -2.22)
(-1.74, 3.55, -2.21)
(-1.73, 3.55, -2.21)
(-1.72, 3.55, -2.20)
(-1.71, 3.55, -2.20)
(-1.70, 3.55, -2.19)
(-1.70, 3.56, -2.19)
(-1.69, 3.56, -2.18)
(-1.68, 3.56, -2.18)
(-1.67, 3.56, -2.17)
(-1.66, 3.56, -2.17)
(-1.65, 3.56, -2.16)
(-1.64, 3.56, -2.16)
(-1.63, 3.56, -2.15)
(-1.62, 3.56, -2.15)
(-1.61, 3.56, -2.14)
(-1.60, 3.56, -2.13)
(-1.59, 3.56, -2.13)
(-1.58, 3.56, -2.12)
(-1.58, 3.56, -2.12)
(-1.57, 3.57, -2.11)
(-1.56, 3.57, -2.10)
(-1.55, 3.57, -2.10)
(-1.54, 3.57, -2.09)
(-1.53, 3.57, -2.08)
(-1.52, 3.57, -2.08)
(-1.51, 3.57, -2.07)
(-1.50, 3.57, -2.06)
(-1.49, 3.57, -2.06)
(-1.48, 3.57, -2.05)
(-1.47, 3.57, -2.04)
(-1.46, 3.57, -2.03)
(-1.45, 3.57, -2.03)
(-1.43, 3.57, -2.02)
(-1.42, 3.57, -2.01)
(-1.41, 3.57, -2.00)
(-1.40, 3.57, -2.00)
(-1.39, 3.57, -1.99)
(-1.38, 3.57, -1.98)
(-1.37, 3.57, -1.97)
(-1.36, 3.58, -1.96)
(-1.35, 3.58, -1.96)
(-1.34, 3.58, -1.95)
(-1.33, 3.58, -1.94)
(-1.32, 3.58, -1.93)
(-1.31, 3.58, -1.92)
(-1.30, 3.58, -1.91)
(-1.29, 3.58, -1.90)
(-1.27, 3.58, -1.90)
(-1.26, 3.58, -1.89)
(-1.25, 3.58, -1.88)
(-1.24, 3.58, -1.87)
(-1.23, 3.58, -1.86)
(-1.22, 3.58, -1.85)
(-1.21, 3.58, -1.84)
(-1.20, 3.58, -1.83)
(-1.19, 3.58, -1.82)
(-1.17, 3.58, -1.81)
(-1.16, 3.58, -1.80)
(-1.15, 3.58, -1.79)
(-1.14, 3.58, -1.78)
(-1.13, 3.58, -1.77)
(-1.12, 3.58, -1.76)
(-1.11, 3.58, -1.75)
(-1.09, 3.58, -1.74)
(-1.08, 3.58, -1.73)
(-1.07, 3.58, -1.72)
(-1.06, 3.58, -1.71)
(-1.05, 3.58, -1.70)
(-1.04, 3.58, -1.69)
(-1.03, 3.58, -1.68)
(-1.01, 3.58, -1.67)
(-1.00, 3.58, -1.66)
(-0.99, 3.58, -1.65)
(-0.98, 3.58, -1.64)
(-0.97, 3.58, -1.63)
(-0.96, 3.58, -1.62)
(-0.94, 3.58, -1.61)
(-0.93, 3.58, -1.60)
(-0.92, 3.58, -1.59)
(-0.91, 3.58, -1.58)
(-0.90, 3.58, -1.56)
(-0.89, 3.58, -1.55)
(-0.88, 3.58, -1.54)
(-0.86, 3.58, -1.53)
(-0.85, 3.58, -1.52)
(-0.84, 3.58, -1.51)
(-0.83, 3.58, -1.50)
(-0.82, 3.58, -1.49)
(-0.81, 3.58, -1.47)
(-0.79, 3.58, -1.46)
(-0.78, 3.58, -1.45)
(-0.77, 3.58, -1.44)
(-0.76, 3.58, -1.43)
(-0.75, 3.58, -1.42)
(-0.74, 3.58, -1.41)
(-0.72, 3.58, -1.39)
(-0.71, 3.58, -1.38)
(-0.70, 3.58, -1.37)
(-0.69, 3.58, -1.36)
(-0.68, 3.58, -1.35)
(-0.67, 3.59, -1.33)
(-0.66, 3.59, -1.32)
(-0.64, 3.59, -1.31)
(-0.63, 3.59, -1.30)
(-0.62, 3.59, -1.29)
(-0.61, 3.59, -1.27)
(-0.60, 3.59, -1.26)
(-0.59, 3.59, -1.25)
(-0.58, 3.59, -1.24)
(-0.57, 3.59, -1.23)
(-0.55, 3.59, -1.21)
(-0.54, 3.59, -1.20)
(-0.53, 3.59, -1.19)
(-0.52, 3.59, -1.18)
(-0.51, 3.59, -1.16)
(-0.50, 3.59, -1.15)
(-0.49, 3.59, -1.14)
(-0.48, 3.59, -1.13)
(-0.47, 3.59, -1.12)
(-0.46, 3.59, -1.10)
(-0.44, 3.59, -1.09)
(-0.43, 3.59, -1.08)
(-0.42, 3.59, -1.07)
(-0.41, 3.59, -1.05)
(-0.40, 3.59, -1.04)
(-0.39, 3.59, -1.03)
(-0.38, 3.59, -1.02)
(-0.37, 3.59, -1.00)
(-0.36, 3.59, -0.99)
(-0.35, 3.59, -0.98)
(-0.34, 3.59, -0.96)
(-0.33, 3.59, -0.95)
(-0.32, 3.59, -0.94)
(-0.31, 3.59, -0.93)
(-0.30, 3.59, -0.91)
(-0.29, 3.59, -0.90)
(-0.28, 3.59, -0.89)
(-0.27, 3.59, -0.88)
(-0.26, 3.59, -0.86)
(-0.25, 3.59, -0.85)
(-0.24, 3.59, -0.84)
(-0.23, 3.59, -0.83)
(-0.22, 3.59, -0.81)
(-0.21, 3.59, -0.80)
(-0.20, 3.59, -0.79)
(-0.19, 3.59, -0.77)
(-0.18, 3.59, -0.76)
(-0.17, 3.59, -0.75)
(-0.16, 3.59, -0.74)
(-0.15, 3.59, -0.72)
(-0.14, 3.59, -0.71)
(-0.13, 3.59, -0.70)
(-0.12, 3.59, -0.69)
(-0.11, 3.59, -0.67)
(-0.10, 3.60, -0.66)
(-0.09, 3.60, -0.65)
(-0.09, 3.60, -0.63)
(-0.08, 3.60, -0.62)
(-0.07, 3.60, -0.61)
(-0.06, 3.60, -0.60)
(-0.05, 3.60, -0.58)
(-0.04, 3.60, -0.57)
(-0.03, 3.60, -0.56)
(-0.02, 3.60, -0.55)
(-0.02, 3.60, -0.53)
(-0.01, 3.60, -0.52)
(0.00, 3.60, -0.51)
(0.01, 3.60, -0.50)
(0.02, 3.60, -0.48)
(0.02, 3.60, -0.47)
(0.03, 3.60, -0.46)
(0.04, 3.60, -0.44)
(0.05, 3.60, -0.43)
(0.06, 3.60, -0.42)
(0.06, 3.60, -0.41)
(0.07, 3.60, -0.39)
(0.08, 3.60, -0.38)
(0.09, 3.61, -0.37)
(0.09, 3.61, -0.36)
(0.10, 3.61, -0.34)
(0.11, 3.61, -0.33)
(0.12, 3.61, -0.32)
(0.12, 3.61, -0.31)
(0.13, 3.61, -0.30)
(0.14, 3.61, -0.28)
(0.14, 3.61, -0.27)
(0.15, 3.61, -0.26)
(0.16, 3.61, -0.25)
(0.17, 3.61, -0.23)
(0.17, 3.61, -0.22)
(0.18, 3.61, -0.21)
(0.18, 3.61, -0.20)
(0.19, 3.61, -0.19)
(0.20, 3.61, -0.17)
(0.20, 3.62, -0.16)
(0.21, 3.62, -0.15)
(0.22, 3.62, -0.14)
(0.22, 3.62, -0.13)
(0.23, 3.62, -0.11)
(0.23, 3.62, -0.10)
(0.24, 3.62, -0.09)
(0.25, 3.62, -0.08)
(0.25, 3.62, -0.07)
(0.26, 3.62, -0.05)
(0.26, 3.62, -0.04)
(0.27, 3.62, -0.03)
(0.27, 3.62, -0.02)
(0.28, 3.62, -0.01)
(0.28, 3.63, 0.00)
(0.29, 3.63, 0.01)
(0.29, 3.63, 0.03)
(0.30, 3.63, 0.04)
(0.30, 3.63, 0.05)
(0.31, 3.63, 0.06)
(0.31, 3.63, 0.07)
(0.32, 3.63, 0.08)
(0.32, 3.63, 0.09)
(0.33, 3.63, 0.10)
(0.33, 3.63, 0.12)
(0.34, 3.63, 0.13)
(0.34, 3.64, 0.14)
(0.35, 3.64, 0.15)
(0.35, 3.64, 0.16)
(0.35, 3.64, 0.17)
(0.36, 3.64, 0.18)
(0.36, 3.64, 0.19)
(0.37, 3.64, 0.20)
(0.37, 3.64, 0.21)
(0.37, 3.64, 0.22)
(0.38, 3.64, 0.23)
(0.38, 3.64, 0.24)
(0.38, 3.65, 0.25)
(0.39, 3.65, 0.26)
(0.39, 3.65, 0.27)
(0.40, 3.65, 0.28)
(0.40, 3.65, 0.29)
(0.40, 3.65, 0.30)
(0.40, 3.65, 0.31)
(0.41, 3.65, 0.32)
(0.41, 3.65, 0.33)
(0.41, 3.65, 0.34)
(0.42, 3.66, 0.35)
(0.42, 3.66, 0.36)
(0.42, 3.66, 0.37)
(0.42, 3.66, 0.38)
(0.43, 3.66, 0.39)
(0.43, 3.66, 0.40)
(0.43, 3.66, 0.41)
(0.43, 3.66, 0.42)
(0.44, 3.66, 0.43)
(0.44, 3.66, 0.44)
(0.44, 3.67, 0.45)
(0.44, 3.67, 0.45)
(0.45, 3.67, 0.46)
(0.45, 3.67, 0.47)
(0.45, 3.67, 0.48)
(0.45, 3.67, 0.49)
(0.45, 3.67, 0.50)
(0.45, 3.67, 0.51)
(0.46, 3.67, 0.51)
(0.46, 3.68, 0.52)
(0.46, 3.68, 0.53)
(0.46, 3.68, 0.54)
(0.46, 3.68, 0.55)
(0.46, 3.68, 0.55)
(0.46, 3.68, 0.56)
(0.46, 3.68, 0.57)
(0.47, 3.68, 0.58)
(0.47, 3.69, 0.59)
(0.47, 3.69, 0.59)
(0.47, 3.69, 0.60)
(0.47, 3.69, 0.61)
(0.47, 3.69, 0.62)
(0.47, 3.69, 0.62)
(0.47, 3.69, 0.63)
(0.47, 3.69, 0.64)
(0.47, 3.70, 0.64)
(0.47, 3.70, 0.65)
(0.47, 3.70, 0.66)
(0.47, 3.70, 0.66)
(0.47, 3.70, 0.67)
(0.47, 3.70, 0.68)
(0.47, 3.70, 0.68)
(0.47, 3.70, 0.69)
(0.47, 3.71, 0.70)
(0.47, 3.71, 0.70)
(0.47, 3.71, 0.71)
(0.47, 3.71, 0.72)
(0.47, 3.71, 0.72)
(0.47, 3.71, 0.73)
(0.47, 3.71, 0.73)
(0.47, 3.71, 0.74)
(0.47, 3.72, 0.74)
(0.47, 3.72, 0.75)
(0.47, 3.72, 0.76)
(0.47, 3.72, 0.76)
(0.46, 3.72, 0.77)
(0.46, 3.72, 0.77)
(0.46, 3.72, 0.78)
(0.46, 3.72, 0.78)
(0.46, 3.73, 0.79)
(0.46, 3.73, 0.79)
(0.46, 3.73, 0.80)
(0.46, 3.73, 0.80)
(0.45, 3.73, 0.80)
(0.45, 3.73, 0.81)
(0.45, 3.73, 0.81)
(0.45, 3.74, 0.82)
(0.45, 3.74, 0.82)
(0.44, 3.74, 0.83)
(0.44, 3.74, 0.83)
(0.44, 3.74, 0.83)
(0.44, 3.74, 0.84)
(0.44, 3.74, 0.84)
(0.43, 3.74, 0.84)
(0.43, 3.75, 0.85)
(0.43, 3.75, 0.85)
(0.43, 3.75, 0.85)
(0.42, 3.75, 0.86)
(0.42, 3.75, 0.86)
(0.42, 3.75, 0.86)
(0.42, 3.75, 0.87)
(0.41, 3.75, 0.87)
(0.41, 3.76, 0.87)
(0.41, 3.76, 0.87)
(0.41, 3.76, 0.88)
(0.40, 3.76, 0.88)
(0.40, 3.76, 0.88)
(0.40, 3.76, 0.88)
(0.39, 3.76, 0.89)
(0.39, 3.77, 0.89)
(0.39, 3.77, 0.89)
(0.38, 3.77, 0.89)
(0.38, 3.77, 0.89)
(0.38, 3.77, 0.90)
(0.37, 3.77, 0.90)
(0.37, 3.77, 0.90)
(0.36, 3.77, 0.90)
(0.36, 3.78, 0.90)
(0.36, 3.78, 0.90)
(0.35, 3.78, 0.90)
(0.35, 3.78, 0.90)
(0.34, 3.78, 0.90)
(0.34, 3.78, 0.91)
(0.34, 3.78, 0.91)
(0.33, 3.78, 0.91)
(0.33, 3.79, 0.91)
(0.32, 3.79, 0.91)
(0.32, 3.79, 0.91)
(0.31, 3.79, 0.91)
(0.31, 3.79, 0.91)
(0.30, 3.79, 0.91)
(0.30, 3.79, 0.91)
(0.29, 3.79, 0.91)
(0.29, 3.80, 0.91)
(0.28, 3.80, 0.91)
(0.28, 3.80, 0.91)
(0.27, 3.80, 0.90)
(0.27, 3.80, 0.90)
(0.26, 3.80, 0.90)
(0.26, 3.80, 0.90)
(0.25, 3.80, 0.90)
(0.25, 3.80, 0.90)
(0.24, 3.81, 0.90)
(0.24, 3.81, 0.90)
(0.23, 3.81, 0.90)
(0.22, 3.81, 0.89)
(0.22, 3.81, 0.89)
(0.21, 3.81, 0.89)
(0.21, 3.81, 0.89)
(0.20, 3.81, 0.89)
(0.20, 3.81, 0.88)
(0.19, 3.82, 0.88)
(0.18, 3.82, 0.88)
(0.18, 3.82, 0.88)
(0.17, 3.82, 0.87)
(0.16, 3.82, 0.87)
(0.16, 3.82, 0.87)
(0.15, 3.82, 0.87)
(0.14, 3.82, 0.86)
(0.14, 3.82, 0.86)
(0.13, 3.83, 0.86)
(0.12, 3.83, 0.85)
(0.12, 3.83, 0.85)
(0.11, 3.83, 0.85)
(0.10, 3.83, 0.84)
(0.10, 3.83, 0.84)
(0.09, 3.83, 0.84)
(0.08, 3.83, 0.83)
(0.08, 3.83, 0.83)
(0.07, 3.83, 0.82)
(0.06, 3.83, 0.82)
(0.05, 3.84, 0.81)
(0.05, 3.84, 0.81)
(0.04, 3.84, 0.81)
(0.03, 3.84, 0.80)
(0.02, 3.84, 0.80)
(0.02, 3.84, 0.79)
(0.01, 3.84, 0.79)
(0.00, 3.84, 0.78)
(-0.01, 3.84, 0.78)
(-0.02, 3.84, 0.77)
(-0.02, 3.84, 0.76)
(-0.03, 3.84, 0.76)
(-0.04, 3.84, 0.75)
(-0.05, 3.85, 0.75)
(-0.06, 3.85, 0.74)
(-0.07, 3.85, 0.74)
(-0.07, 3.85, 0.73)
(-0.08, 3.85, 0.72)
(-0.09, 3.85, 0.72)
(-0.10, 3.85, 0.71)
(-0.11, 3.85, 0.70)
(-0.12, 3.85, 0.70)
(-0.13, 3.85, 0.69)
(-0.13, 3.85, 0.68)
(-0.14, 3.85, 0.68)
(-0.15, 3.85, 0.67)
(-0.16, 3.85, 0.66)
(-0.17, 3.85, 0.66)
(-0.18, 3.86, 0.65)
(-0.19, 3.86, 0.64)
(-0.20, 3.86, 0.63)
(-0.21, 3.86, 0.63)
(-0.22, 3.86, 0.62)
(-0.23, 3.86, 0.61)
(-0.23, 3.86, 0.60)
(-0.24, 3.86, 0.60)
(-0.25, 3.86, 0.59)
(-0.26, 3.86, 0.58)
(-0.27, 3.86, 0.57)
(-0.28, 3.86, 0.56)
(-0.29, 3.86, 0.55)
(-0.30, 3.