(0.00, 1.75, 0.00)
(0.00, 1.75, 0.00)
(0.00, 1.75, 0.00)
(0.00, 1.75, 0.00)
(0.00, 1.75, 0.00)
(0.00, 1.75, 0.00)
(0.00, 1.75, 0.00)
(0.00, 1.75, 0.00)
(0.00, 1.75, 0.00)
(0.00, 1.75, 0.00)
(0.00, 1.75, 0.00)
(0.00, 1.75, 0.00)
(0.00, 1.75, 0.00)
(0.00, 1.75, 0.00)
(0.00, 1.75, 0.00)
(0.00, 1.75, 0.00)
(0.00, 1.75, 0.00)
(0.00, 1.75, 0.00)
(0.00, 1.75, 0.00)
(0.00, 1.75, 0.00)
(0.00, 1.75, 0.00)
(0.00, 1.75, 0.00)
(0.00, 1.75, 0.00)
(0.00, 1.75, 0.00)
(0.00, 1.76, 0.00)
(0.00, 1.76, 0.00)
(0.00, 1.76, 0.00)
(0.00, 1.76, 0.00)
(0.00, 1.76, 0.00)
(0.00, 1.76, 0.00)
(0.00, 1.76, 0.00)
(0.00, 1.76, 0.00)
(0.00, 1.76, 0.00)
(0.00, 1.76, 0.00)
(0.00, 1.76, 0.00)
(0.00, 1.76, 0.00)
(0.00, 1.76, 0.00)
(0.00, 1.76, 0.00)
(0.00, 1.76, 0.00)
(0.00, 1.76, 0.00)
(0.00, 1.76, 0.00)
(0.00, 1.76, 0.00)
(0.00, 1.76, 0.00)
(0.00, 1.77, 0.00)
(0.00, 1.77, 0.00)
(0.00, 1.77, 0.00)
(0.00, 1.77, 0.00)
(0.00, 1.77, 0.00)
(0.00, 1.77, 0.00)
(0.00, 1.77, 0.00)
(0.00, 1.77, 0.00)
(0.00, 1.77, 0.00)
(0.00, 1.77, 0.00)
(0.00, 1.77, 0.00)
(0.00, 1.77, 0.00)
(0.00, 1.77, 0.00)
(0.00, 1.78, 0.00)
(0.00, 1.78, 0.00)
(0.00, 1.78, 0.00)
(0.00, 1.78, 0.00)
(0.00, 1.78, 0.00)
(0.00, 1.78, 0.00)
(0.00, 1.78, 0.00)
(0.00, 1.78, 0.00)
(0.00, 1.78, 0.00)
(0.00, 1.78, 0.00)
(0.00, 1.78, 0.00)
(0.00, 1.78, 0.00)
(0.00, 1.79, 0.00)
(0.00, 1.79, 0.00)
(0.00, 1.79, 0.00)
(0.00, 1.79, 0.00)
(0.00, 1.79, 0.00)
(0.00, 1.79, 0.00)
(0.00, 1.79, 0.00)
(0.00, 1.79, 0.00)
(0.00, 1.79, 0.00)
(0.00, 1.79, 0.00)
(0.00, 1.80, 0.00)
(0.00, 1.80, 0.00)
(0.00, 1.80, 0.00)
(0.00, 1.80, 0.00)
(0.00, 1.80, 0.00)
(0.00, 1.80, 0.00)
(0.00, 1.80, 0.00)
(0.00, 1.80, 0.00)
(0.00, 1.80, 0.00)
(0.00, 1.81, 0.00)
(0.00, 1.81, 0.00)
(0.00, 1.81, 0.00)
(0.00, 1.81, 0.00)
(0.00, 1.81, 0.00)
(0.00, 1.81, 0.00)
(0.00, 1.81, 0.00)
(0.00, 1.81, 0.00)
(0.00, 1.81, 0.00)
(0.00, 1.82, 0.00)
(0.00, 1.82, 0.00)
(0.00, 1.82, 0.00)
(0.00, 1.82, 0.00)
(0.00, 1.82, 0.00)
(0.00, 1.82, 0.00)
(0.00, 1.82, 0.00)
(0.00, 1.82, 0.00)
(0.00, 1.82, 0.00)
(0.00, 1.83, 0.00)
(0.00, 1.83, 0.00)
(0.00, 1.83, 0.00)
(0.00, 1.83, 0.00)
(0.00, 1.83, 0.00)
(0.00, 1.83, 0.00)
(0.00, 1.83, 0.00)
(0.00, 1.83, 0.00)
(0.00, 1.84, 0.00)
(0.00, 1.84, 0.00)
(0.00, 1.84, 0.00)
(0.00, 1.84, 0.00)
(0.00, 1.84, 0.00)
(0.00, 1.84, 0.00)
(0.00, 1.84, 0.00)
(0.00, 1.85, 0.00)
(0.00, 1.85, 0.00)
(0.00, 1.85, 0.00)
(0.00, 1.85, 0.00)
(0.00, 1.85, 0.00)
(0.00, 1.85, 0.00)
(0.00, 1.85, 0.00)
(0.00, 1.85, 0.00)
(0.00, 1.86, 0.00)
(0.01, 1.86, 0.00)
(0.01, 1.86, 0.00)
(0.01, 1.86, 0.00)
(0.01, 1.86, 0.00)
(0.01, 1.86, 0.00)
(0.01, 1.86, 0.00)
(0.01, 1.87, 0.00)
(0.01, 1.87, 0.00)
(0.01, 1.87, 0.00)
(0.01, 1.87, 0.00)
(0.01, 1.87, 0.00)
(0.01, 1.87, 0.00)
(0.01, 1.87, 0.00)
(0.01, 1.88, 0.00)
(0.01, 1.88, 0.00)
(0.01, 1.88, 0.00)
(0.02, 1.88, 0.00)
(0.02, 1.88, 0.00)
(0.02, 1.88, 0.00)
(0.02, 1.88, 0.00)
(0.02, 1.89, 0.00)
(0.02, 1.89, 0.00)
(0.02, 1.89, 0.00)
(0.02, 1.89, 0.00)
(0.02, 1.89, 0.00)
(0.02, 1.89, 0.00)
(0.02, 1.89, 0.00)
(0.03, 1.90, 0.00)
(0.03, 1.90, 0.00)
(0.03, 1.90, 0.00)
(0.03, 1.90, 0.00)
(0.03, 1.90, 0.00)
(0.03, 1.90, 0.00)
(0.03, 1.90, 0.00)
(0.03, 1.91, 0.00)
(0.03, 1.91, 0.00)
(0.03, 1.91, 0.00)
(0.04, 1.91, -0.01)
(0.04, 1.91, -0.01)
(0.04, 1.91, -0.01)
(0.04, 1.92, -0.01)
(0.04, 1.92, -0.01)
(0.04, 1.92, -0.01)
(0.04, 1.92, -0.01)
(0.04, 1.92, -0.01)
(0.04, 1.92, -0.01)
(0.05, 1.92, -0.01)
(0.05, 1.93, -0.01)
(0.05, 1.93, -0.01)
(0.05, 1.93, -0.01)
(0.05, 1.93, -0.01)
(0.05, 1.93, -0.01)
(0.05, 1.93, -0.01)
(0.05, 1.94, -0.02)
(0.05, 1.94, -0.02)
(0.06, 1.94, -0.02)
(0.06, 1.94, -0.02)
(0.06, 1.94, -0.02)
(0.06, 1.94, -0.02)
(0.06, 1.94, -0.02)
(0.06, 1.95, -0.02)
(0.06, 1.95, -0.02)
(0.06, 1.95, -0.02)
(0.06, 1.95, -0.02)
(0.07, 1.95, -0.02)
(0.07, 1.95, -0.03)
(0.07, 1.96, -0.03)
(0.07, 1.96, -0.03)
(0.07, 1.96, -0.03)
(0.07, 1.96, -0.03)
(0.07, 1.96, -0.03)
(0.07, 1.96, -0.03)
(0.07, 1.97, -0.03)
(0.07, 1.97, -0.03)
(0.08, 1.97, -0.04)
(0.08, 1.97, -0.04)
(0.08, 1.97, -0.04)
(0.08, 1.97, -0.04)
(0.08, 1.98, -0.04)
(0.08, 1.98, -0.04)
(0.08, 1.98, -0.04)
(0.08, 1.98, -0.04)
(0.09, 1.98, -0.04)
(0.09, 1.98, -0.04)
(0.09, 1.98, -0.05)
(0.09, 1.99, -0.05)
(0.09, 1.99, -0.05)
(0.09, 1.99, -0.05)
(0.09, 1.99, -0.05)
(0.09, 1.99, -0.05)
(0.09, 1.99, -0.05)
(0.10, 2.00, -0.05)
(0.10, 2.00, -0.05)
(0.10, 2.00, -0.06)
(0.10, 2.00, -0.06)
(0.10, 2.00, -0.06)
(0.10, 2.00, -0.06)
(0.10, 2.01, -0.06)
(0.11, 2.01, -0.06)
(0.11, 2.01, -0.06)
(0.11, 2.01, -0.06)
(0.11, 2.01, -0.06)
(0.11, 2.01, -0.07)
(0.11, 2.02, -0.07)
(0.11, 2.02, -0.07)
(0.11, 2.02, -0.07)
(0.12, 2.02, -0.07)
(0.12, 2.02, -0.07)
(0.12, 2.02, -0.07)
(0.12, 2.03, -0.07)
(0.12, 2.03, -0.07)
(0.12, 2.03, -0.08)
(0.12, 2.03, -0.08)
(0.13, 2.03, -0.08)
(0.13, 2.03, -0.08)
(0.13, 2.04, -0.08)
(0.13, 2.04, -0.08)
(0.13, 2.04, -0.08)
(0.13, 2.04, -0.08)
(0.13, 2.04, -0.08)
(0.14, 2.04, -0.09)
(0.14, 2.05, -0.09)
(0.14, 2.05, -0.09)
(0.14, 2.05, -0.09)
(0.14, 2.05, -0.09)
(0.14, 2.05, -0.09)
(0.14, 2.06, -0.09)
(0.14, 2.06, -0.09)
(0.15, 2.06, -0.10)
(0.15, 2.06, -0.10)
(0.15, 2.06, -0.10)
(0.15, 2.06, -0.10)
(0.15, 2.07, -0.10)
(0.15, 2.07, -0.10)
(0.15, 2.07, -0.10)
(0.16, 2.07, -0.10)
(0.16, 2.07, -0.11)
(0.16, 2.07, -0.11)
(0.16, 2.08, -0.11)
(0.16, 2.08, -0.11)
(0.16, 2.08, -0.11)
(0.16, 2.08, -0.11)
(0.16, 2.08, -0.11)
(0.17, 2.08, -0.12)
(0.17, 2.09, -0.12)
(0.17, 2.09, -0.12)
(0.17, 2.09, -0.12)
(0.17, 2.09, -0.12)
(0.17, 2.09, -0.12)
(0.17, 2.09, -0.12)
(0.17, 2.10, -0.12)
(0.17, 2.10, -0.13)
(0.18, 2.10, -0.13)
(0.18, 2.10, -0.13)
(0.18, 2.10, -0.13)
(0.18, 2.11, -0.13)
(0.18, 2.11, -0.13)
(0.18, 2.11, -0.13)
(0.18, 2.11, -0.14)
(0.18, 2.11, -0.14)
(0.19, 2.11, -0.14)
(0.19, 2.12, -0.14)
(0.19, 2.12, -0.14)
(0.19, 2.12, -0.14)
(0.19, 2.12, -0.14)
(0.19, 2.12, -0.14)
(0.19, 2.12, -0.15)
(0.19, 2.13, -0.15)
(0.20, 2.13, -0.15)
(0.20, 2.13, -0.15)
(0.20, 2.13, -0.15)
(0.20, 2.13, -0.15)
(0.20, 2.14, -0.15)
(0.20, 2.14, -0.16)
(0.20, 2.14, -0.16)
(0.20, 2.14, -0.16)
(0.21, 2.14, -0.16)
(0.21, 2.14, -0.16)
(0.21, 2.15, -0.16)
(0.21, 2.15, -0.16)
(0.21, 2.15, -0.16)
(0.21, 2.15, -0.17)
(0.21, 2.15, -0.17)
(0.22, 2.15, -0.17)
(0.22, 2.16, -0.17)
(0.22, 2.16, -0.17)
(0.22, 2.16, -0.17)
(0.22, 2.16, -0.17)
(0.22, 2.16, -0.17)
(0.22, 2.17, -0.17)
(0.22, 2.17, -0.18)
(0.23, 2.17, -0.18)
(0.23, 2.17, -0.18)
(0.23, 2.17, -0.18)
(0.23, 2.17, -0.18)
(0.23, 2.18, -0.18)
(0.23, 2.18, -0.18)
(0.23, 2.18, -0.18)
(0.23, 2.18, -0.19)
(0.24, 2.18, -0.19)
(0.24, 2.19, -0.19)
(0.24, 2.19, -0.19)
(0.24, 2.19, -0.19)
(0.24, 2.19, -0.19)
(0.24, 2.19, -0.19)
(0.24, 2.19, -0.19)
(0.24, 2.20, -0.20)
(0.25, 2.20, -0.20)
(0.25, 2.20, -0.20)
(0.25, 2.20, -0.20)
(0.25, 2.20, -0.20)
(0.25, 2.20, -0.20)
(0.25, 2.21, -0.20)
(0.25, 2.21, -0.21)
(0.25, 2.21, -0.21)
(0.26, 2.21, -0.21)
(0.26, 2.21, -0.21)
(0.26, 2.22, -0.21)
(0.26, 2.22, -0.21)
(0.26, 2.22, -0.21)
(0.26, 2.22, -0.21)
(0.26, 2.22, -0.22)
(0.26, 2.22, -0.22)
(0.26, 2.23, -0.22)
(0.27, 2.23, -0.22)
(0.27, 2.23, -0.22)
(0.27, 2.23, -0.22)
(0.27, 2.23, -0.22)
(0.27, 2.24, -0.22)
(0.27, 2.24, -0.23)
(0.27, 2.24, -0.23)
(0.27, 2.24, -0.23)
(0.27, 2.24, -0.23)
(0.27, 2.24, -0.23)
(0.28, 2.25, -0.23)
(0.28, 2.25, -0.23)
(0.28, 2.25, -0.23)
(0.28, 2.25, -0.24)
(0.28, 2.25, -0.24)
(0.28, 2.26, -0.24)
(0.28, 2.26, -0.24)
(0.28, 2.26, -0.24)
(0.28, 2.26, -0.24)
(0.29, 2.26, -0.24)
(0.29, 2.26, -0.24)
(0.29, 2.27, -0.25)
(0.29, 2.27, -0.25)
(0.29, 2.27, -0.25)
(0.29, 2.27, -0.25)
(0.29, 2.27, -0.25)
(0.29, 2.28, -0.25)
(0.29, 2.28, -0.25)
(0.30, 2.28, -0.25)
(0.30, 2.28, -0.26)
(0.30, 2.28, -0.26)
(0.30, 2.28, -0.26)
(0.30, 2.29, -0.26)
(0.30, 2.29, -0.26)
(0.30, 2.29, -0.26)
(0.30, 2.29, -0.26)
(0.30, 2.29, -0.26)
(0.31, 2.30, -0.26)
(0.31, 2.30, -0.27)
(0.31, 2.30, -0.27)
(0.31, 2.30, -0.27)
(0.31, 2.30, -0.27)
(0.31, 2.30, -0.27)
(0.31, 2.31, -0.27)
(0.31, 2.31, -0.27)
(0.31, 2.31, -0.27)
(0.32, 2.31, -0.27)
(0.32, 2.31, -0.27)
(0.32, 2.32, -0.28)
(0.32, 2.32, -0.28)
(0.32, 2.32, -0.28)
(0.32, 2.32, -0.28)
(0.32, 2.32, -0.28)
(0.32, 2.32, -0.28)
(0.32, 2.33, -0.28)
(0.33, 2.33, -0.28)
(0.33, 2.33, -0.28)
(0.33, 2.33, -0.29)
(0.33, 2.33, -0.29)
(0.33, 2.34, -0.29)
(0.33, 2.34, -0.29)
(0.33, 2.34, -0.29)
(0.33, 2.34, -0.29)
(0.33, 2.34, -0.29)
(0.33, 2.35, -0.29)
(0.34, 2.35, -0.29)
(0.34, 2.35, -0.30)
(0.34, 2.35, -0.30)
(0.34, 2.35, -0.30)
(0.34, 2.35, -0.30)
(0.34, 2.36, -0.30)
(0.34, 2.36, -0.30)
(0.34, 2.36, -0.30)
(0.34, 2.36, -0.30)
(0.34, 2.36, -0.30)
(0.34, 2.37, -0.31)
(0.35, 2.37, -0.31)
(0.35, 2.37, -0.31)
(0.35, 2.37, -0.31)
(0.35, 2.37, -0.31)
(0.35, 2.37, -0.31)
(0.35, 2.38, -0.31)
(0.35, 2.38, -0.31)
(0.35, 2.38, -0.31)
(0.35, 2.38, -0.32)
(0.35, 2.38, -0.32)
(0.35, 2.39, -0.32)
(0.36, 2.39, -0.32)
(0.36, 2.39, -0.32)
(0.36, 2.39, -0.32)
(0.36, 2.39, -0.32)
(0.36, 2.39, -0.32)
(0.36, 2.40, -0.32)
(0.36, 2.40, -0.33)
(0.36, 2.40, -0.33)
(0.36, 2.40, -0.33)
(0.36, 2.40, -0.33)
(0.36, 2.41, -0.33)
(0.36, 2.41, -0.33)
(0.37, 2.41, -0.33)
(0.37, 2.41, -0.33)
(0.37, 2.41, -0.33)
(0.37, 2.42, -0.33)
(0.37, 2.42, -0.34)
(0.37, 2.42, -0.34)
(0.37, 2.42, -0.34)
(0.37, 2.42, -0.34)
(0.37, 2.42, -0.34)
(0.37, 2.43, -0.34)
(0.37, 2.43, -0.34)
(0.38, 2.43, -0.34)
(0.38, 2.43, -0.34)
(0.38, 2.43, -0.34)
(0.38, 2.44, -0.34)
(0.38, 2.44, -0.35)
(0.38, 2.44, -0.35)
(0.38, 2.44, -0.35)
(0.38, 2.44, -0.35)
(0.38, 2.44, -0.35)
(0.38, 2.45, -0.35)
(0.38, 2.45, -0.35)
(0.39, 2.45, -0.35)
(0.39, 2.45, -0.35)
(0.39, 2.45, -0.35)
(0.39, 2.46, -0.35)
(0.39, 2.46, -0.35)
(0.39, 2.46, -0.36)
(0.39, 2.46, -0.36)
(0.39, 2.46, -0.36)
(0.39, 2.47, -0.36)
(0.39, 2.47, -0.36)
(0.39, 2.47, -0.36)
(0.39, 2.47, -0.36)
(0.40, 2.47, -0.36)
(0.40, 2.47, -0.36)
(0.40, 2.48, -0.36)
(0.40, 2.48, -0.36)
(0.40, 2.48, -0.37)
(0.40, 2.48, -0.37)
(0.40, 2.48, -0.37)
(0.40, 2.49, -0.37)
(0.40, 2.49, -0.37)
(0.40, 2.49, -0.37)
(0.40, 2.49, -0.37)
(0.40, 2.49, -0.37)
(0.41, 2.50, -0.37)
(0.41, 2.50, -0.37)
(0.41, 2.50, -0.37)
(0.41, 2.50, -0.38)
(0.41, 2.50, -0.38)
(0.41, 2.50, -0.38)
(0.41, 2.51, -0.38)
(0.41, 2.51, -0.38)
(0.41, 2.51, -0.38)
(0.41, 2.51, -0.38)
(0.41, 2.51, -0.38)
(0.41, 2.52, -0.38)
(0.41, 2.52, -0.38)
(0.41, 2.52, -0.38)
(0.42, 2.52, -0.39)
(0.42, 2.52, -0.39)
(0.42, 2.52, -0.39)
(0.42, 2.53, -0.39)
(0.42, 2.53, -0.39)
(0.42, 2.53, -0.39)
(0.42, 2.53, -0.39)
(0.42, 2.53, -0.39)
(0.42, 2.54, -0.39)
(0.42, 2.54, -0.39)
(0.42, 2.54, -0.39)
(0.42, 2.54, -0.39)
(0.42, 2.54, -0.40)
(0.42, 2.55, -0.40)
(0.42, 2.55, -0.40)
(0.43, 2.55, -0.40)
(0.43, 2.55, -0.40)
(0.43, 2.55, -0.40)
(0.43, 2.55, -0.40)
(0.43, 2.56, -0.40)
(0.43, 2.56, -0.40)
(0.43, 2.56, -0.40)
(0.43, 2.56, -0.40)
(0.43, 2.56, -0.40)
(0.43, 2.57, -0.40)
(0.43, 2.57, -0.41)
(0.43, 2.57, -0.41)
(0.43, 2.57, -0.41)
(0.43, 2.57, -0.41)
(0.44, 2.58, -0.41)
(0.44, 2.58, -0.41)
(0.44, 2.58, -0.41)
(0.44, 2.58, -0.41)
(0.44, 2.58, -0.41)
(0.44, 2.58, -0.41)
(0.44, 2.59, -0.41)
(0.44, 2.59, -0.41)
(0.44, 2.59, -0.41)
(0.44, 2.59, -0.41)
(0.44, 2.59, -0.42)
(0.44, 2.60, -0.42)
(0.44, 2.60, -0.42)
(0.44, 2.60, -0.42)
(0.44, 2.60, -0.42)
(0.45, 2.60, -0.42)
(0.45, 2.60, -0.42)
(0.45, 2.61, -0.42)
(0.45, 2.61, -0.42)
(0.45, 2.61, -0.42)
(0.45, 2.61, -0.42)
(0.45, 2.61, -0.42)
(0.45, 2.62, -0.42)
(0.45, 2.62, -0.42)
(0.45, 2.62, -0.43)
(0.45, 2.62, -0.43)
(0.45, 2.62, -0.43)
(0.45, 2.63, -0.43)
(0.45, 2.63, -0.43)
(0.45, 2.63, -0.43)
(0.46, 2.63, -0.43)
(0.46, 2.63, -0.43)
(0.46, 2.63, -0.43)
(0.46, 2.64, -0.43)
(0.46, 2.64, -0.43)
(0.46, 2.64, -0.43)
(0.46, 2.64, -0.43)
(0.46, 2.64, -0.43)
(0.46, 2.65, -0.44)
(0.46, 2.65, -0.44)
(0.46, 2.65, -0.44)
(0.46, 2.65, -0.44)
(0.46, 2.65, -0.44)
(0.46, 2.66, -0.44)
(0.46, 2.66, -0.44)
(0.46, 2.66, -0.44)
(0.46, 2.66, -0.44)
(0.47, 2.66, -0.44)
(0.47, 2.66, -0.44)
(0.47, 2.67, -0.44)
(0.47, 2.67, -0.44)
(0.47, 2.67, -0.44)
(0.47, 2.67, -0.44)
(0.47, 2.67, -0.45)
(0.47, 2.68, -0.45)
(0.47, 2.68, -0.45)
(0.47, 2.68, -0.45)
(0.47, 2.68, -0.45)
(0.47, 2.68, -0.45)
(0.47, 2.69, -0.45)
(0.47, 2.69, -0.45)
(0.47, 2.69, -0.45)
(0.47, 2.69, -0.45)
(0.47, 2.69, -0.45)
(0.47, 2.69, -0.45)
(0.47, 2.70, -0.45)
(0.48, 2.70, -0.45)
(0.48, 2.70, -0.45)
(0.48, 2.70, -0.46)
(0.48, 2.70, -0.46)
(0.48, 2.71, -0.46)
(0.48, 2.71, -0.46)
(0.48, 2.71, -0.46)
(0.48, 2.71, -0.46)
(0.48, 2.71, -0.46)
(0.48, 2.72, -0.46)
(0.48, 2.72, -0.46)
(0.48, 2.72, -0.46)
(0.48, 2.72, -0.46)
(0.48, 2.72, -0.46)
(0.48, 2.72, -0.46)
(0.48, 2.73, -0.46)
(0.48, 2.73, -0.46)
(0.48, 2.73, -0.46)
(0.48, 2.73, -0.46)
(0.49, 2.73, -0.46)
(0.49, 2.74, -0.47)
(0.49, 2.74, -0.47)
(0.49, 2.74, -0.47)
(0.49, 2.74, -0.47)
(0.49, 2.74, -0.47)
(0.49, 2.75, -0.47)
(0.49, 2.75, -0.47)
(0.49, 2.75, -0.47)
(0.49, 2.75, -0.47)
(0.49, 2.75, -0.47)
(0.49, 2.75, -0.47)
(0.49, 2.76, -0.47)
(0.49, 2.76, -0.47)
(0.49, 2.76, -0.47)
(0.49, 2.76, -0.47)
(0.49, 2.76, -0.47)
(0.49, 2.77, -0.47)
(0.49, 2.77, -0.47)
(0.49, 2.77, -0.47)
(0.50, 2.77, -0.48)
(0.50, 2.77, -0.48)
(0.50, 2.78, -0.48)
(0.50, 2.78, -0.48)
(0.50, 2.78, -0.48)
(0.50, 2.78, -0.48)
(0.50, 2.78, -0.48)
(0.50, 2.78, -0.48)
(0.50, 2.79, -0.48)
(0.50, 2.79, -0.48)
(0.50, 2.79, -0.48)
(0.50, 2.79, -0.48)
(0.50, 2.79, -0.48)
(0.50, 2.80, -0.48)
(0.50, 2.80, -0.48)
(0.50, 2.80, -0.48)
(0.50, 2.80, -0.48)
(0.50, 2.80, -0.48)
(0.50, 2.81, -0.48)
(0.50, 2.81, -0.49)
(0.50, 2.81, -0.49)
(0.50, 2.81, -0.49)
(0.50, 2.81, -0.49)
(0.51, 2.81, -0.49)
(0.51, 2.82, -0.49)
(0.51, 2.82, -0.49)
(0.51, 2.82, -0.49)
(0.51, 2.82, -0.49)
(0.51, 2.82, -0.49)
(0.51, 2.83, -0.49)
(0.51, 2.83, -0.49)
(0.51, 2.83, -0.49)
(0.51, 2.83, -0.49)
(0.51, 2.83, -0.49)
(0.51, 2.84, -0.49)
(0.51, 2.84, -0.49)
(0.51, 2.84, -0.49)
(0.51, 2.84, -0.49)
(0.51, 2.84, -0.50)
(0.51, 2.84, -0.50)
(0.51, 2.85, -0.50)
(0.51, 2.85, -0.50)
(0.51, 2.85, -0.50)
(0.51, 2.85, -0.50)
(0.51, 2.85, -0.50)
(0.51, 2.86, -0.50)
(0.51, 2.86, -0.50)
(0.51, 2.86, -0.50)
(0.52, 2.86, -0.50)
(0.52, 2.86, -0.50)
(0.52, 2.87, -0.50)
(0.52, 2.87, -0.50)
(0.52, 2.87, -0.50)
(0.52, 2.87, -0.50)
(0.52, 2.87, -0.50)
(0.52, 2.87, -0.50)
(0.52, 2.88, -0.50)
(0.52, 2.88, -0.50)
(0.52, 2.88, -0.50)
(0.52, 2.88, -0.50)
(0.52, 2.88, -0.50)
(0.52, 2.89, -0.50)
(0.52, 2.89, -0.51)
(0.52, 2.89, -0.51)
(0.52, 2.89, -0.51)
(0.52, 2.89, -0.51)
(0.52, 2.90, -0.51)
(0.52, 2.90, -0.51)
(0.52, 2.90, -0.51)
(0.52, 2.90, -0.51)
(0.52, 2.90, -0.51)
(0.52, 2.90, -0.51)
(0.52, 2.91, -0.51)
(0.53, 2.91, -0.51)
(0.53, 2.91, -0.51)
(0.53, 2.91, -0.51)
(0.53, 2.91, -0.51)
(0.53, 2.92, -0.51)
(0.53, 2.92, -0.51)
(0.53, 2.92, -0.51)
(0.53, 2.92, -0.51)
(0.53, 2.92, -0.51)
(0.53, 2.93, -0.51)
(0.53, 2.93, -0.51)
(0.53, 2.93, -0.51)
(0.53, 2.93, -0.51)
(0.53, 2.93, -0.52)
(0.53, 2.93, -0.52)
(0.53, 2.94, -0.52)
(0.53, 2.94, -0.52)
(0.53, 2.94, -0.52)
(0.53, 2.94, -0.52)
(0.53, 2.94, -0.52)
(0.53, 2.95, -0.52)
(0.53, 2.95, -0.52)
(0.53, 2.95, -0.52)
(0.53, 2.95, -0.52)
(0.53, 2.95, -0.52)
(0.53, 2.96, -0.52)
(0.53, 2.96, -0.52)
(0.53, 2.96, -0.52)
(0.53, 2.96, -0.52)
(0.53, 2.96, -0.52)
(0.54, 2.96, -0.52)
(0.54, 2.97, -0.52)
(0.54, 2.97, -0.52)
(0.54, 2.97, -0.52)
(0.54, 2.97, -0.52)
(0.54, 2.97, -0.52)
(0.54, 2.98, -0.52)
(0.54, 2.98, -0.52)
(0.54, 2.98, -0.52)
(0.54, 2.98, -0.53)
(0.54, 2.98, -0.53)
(0.54, 2.99, -0.53)
(0.54, 2.99, -0.53)
(0.54, 2.99, -0.53)
(0.54, 2.99, -0.53)
(0.54, 2.99, -0.53)
(0.54, 2.99, -0.53)
(0.54, 3.00, -0.53)
(0.54, 3.00, -0.53)
(0.54, 3.00, -0.53)
(0.54, 3.00, -0.53)
(0.54, 3.00, -0.53)
(0.54, 3.01, -0.53)
(0.54, 3.01, -0.53)
(0.54, 3.01, -0.53)
(0.54, 3.01, -0.53)
(0.54, 3.01, -0.53)
(0.54, 3.02, -0.53)
(0.54, 3.02, -0.53)
(0.54, 3.02, -0.53)
(0.54, 3.02, -0.53)
(0.54, 3.02, -0.53)
(0.54, 3.02, -0.53)
(0.55, 3.03, -0.53)
(0.55, 3.03, -0.53)
(0.55, 3.03, -0.53)
(0.55, 3.03, -0.53)
(0.55, 3.03, -0.53)
(0.55, 3.04, -0.53)
(0.55, 3.04, -0.54)
(0.55, 3.04, -0.54)
(0.55, 3.04, -0.54)
(0.55, 3.04, -0.54)
(0.55, 3.05, -0.54)
(0.55, 3.05, -0.54)
(0.55, 3.05, -0.54)
(0.55, 3.05, -0.54)
(0.55, 3.05, -0.54)
(0.55, 3.05, -0.54)
(0.55, 3.06, -0.54)
(0.55, 3.06, -0.54)
(0.55, 3.06, -0.54)
(0.55, 3.06, -0.54)
(0.55, 3.06, -0.54)
(0.55, 3.07, -0.54)
(0.55, 3.07, -0.54)
(0.55, 3.07, -0.54)
(0.55, 3.07, -0.54)
(0.55, 3.07, -0.54)
(0.55, 3.08, -0.54)
(0.55, 3.08, -0.54)
(0.55, 3.08, -0.54)
(0.55, 3.08, -0.54)
(0.55, 3.08, -0.54)
(0.55, 3.09, -0.54)
(0.55, 3.09, -0.54)
(0.55, 3.09, -0.54)
(0.55, 3.09, -0.54)
(0.55, 3.09, -0.54)
(0.56, 3.09, -0.54)
(0.56, 3.10, -0.54)
(0.56, 3.10, -0.54)
(0.56, 3.10, -0.55)
(0.56, 3.10, -0.55)
(0.56, 3.10, -0.55)
(0.56, 3.11, -0.55)
(0.56, 3.11, -0.55)
(0.56, 3.11, -0.55)
(0.56, 3.11, -0.55)
(0.56, 3.11, -0.55)
(0.56, 3.12, -0.55)
(0.56, 3.12, -0.55)
(0.56, 3.12, -0.55)
(0.56, 3.12, -0.55)
(0.56, 3.12, -0.55)
(0.56, 3.12, -0.55)
(0.56, 3.13, -0.55)
(0.56, 3.13, -0.55)
(0.56, 3.13, -0.55)
(0.56, 3.13, -0.55)
(0.56, 3.13, -0.55)
(0.56, 3.14, -0.55)
(0.56, 3.14, -0.55)
(0.56, 3.14, -0.55)
(0.56, 3.14, -0.55)
(0.56, 3.14, -0.55)
(0.56, 3.15, -0.55)
(0.56, 3.15, -0.55)
(0.56, 3.15, -0.55)
(0.56, 3.15, -0.55)
(0.56, 3.15, -0.55)
(0.56, 3.15, -0.55)
(0.56, 3.16, -0.55)
(0.56, 3.16, -0.55)
(0.56, 3.16, -0.55)
(0.56, 3.16, -0.55)
(0.56, 3.16, -0.55)
(0.56, 3.17, -0.55)
(0.56, 3.17, -0.55)
(0.56, 3.17, -0.56)
(0.56, 3.17, -0.56)
(0.56, 3.17, -0.56)
(0.56, 3.18, -0.56)
(0.57, 3.18, -0.56)
(0.57, 3.18, -0.56)
(0.57, 3.18, -0.56)
(0.57, 3.18, -0.56)
(0.57, 3.18, -0.56)
(0.57, 3.19, -0.56)
(0.57, 3.19, -0.56)
(0.57, 3.19, -0.56)
(0.57, 3.19, -0.56)
(0.57, 3.19, -0.56)
(0.57, 3.20, -0.56)
(0.57, 3.20, -0.56)
(0.57, 3.20, -0.56)
(0.57, 3.20, -0.56)
(0.57, 3.20, -0.56)
(0.57, 3.21, -0.56)
(0.57, 3.21, -0.56)
(0.57, 3.21, -0.56)
(0.57, 3.21, -0.56)
(0.57, 3.21, -0.56)
(0.57, 3.21, -0.56)
(0.57, 3.22, -0.56)
(0.57, 3.22, -0.56)
(0.57, 3.22, -0.56)
(0.57, 3.22, -0.56)
(0.57, 3.22, -0.56)
(0.57, 3.23, -0.56)
(0.57, 3.23, -0.56)
(0.57, 3.23, -0.56)
(0.57, 3.23, -0.56)
(0.57, 3.23, -0.56)
(0.57, 3.24, -0.56)
(0.57, 3.24, -0.56)
(0.57, 3.24, -0.56)
(0.57, 3.24, -0.56)
(0.57, 3.24, -0.56)
(0.57, 3.24, -0.56)
(0.57, 3.25, -0.56)
(0.57, 3.25, -0.56)
(0.57, 3.25, -0.56)
(0.57, 3.25, -0.57)
(0.57, 3.25, -0.57)
(0.57, 3.26, -0.57)
(0.57, 3.26, -0.57)
(0.57, 3.26, -0.57)
(0.57, 3.26, -0.57)
(0.57, 3.26, -0.57)
(0.57, 3.27, -0.57)
(0.57, 3.27, -0.57)
(0.57, 3.27, -0.57)
(0.57, 3.27, -0.57)
(0.57, 3.27, -0.57)
(0.58, 3.27, -0.57)
(0.58, 3.28, -0.57)
(0.58, 3.28, -0.57)
(0.58, 3.28, -0.57)
(0.58, 3.28, -0.57)
(0.58, 3.28, -0.57)
(0.58, 3.29, -0.57)
(0.58, 3.29, -0.57)
(0.58, 3.29, -0.57)
(0.58, 3.29, -0.57)
(0.58, 3.29, -0.57)
(0.58, 3.30, -0.57)
(0.58, 3.30, -0.57)
(0.58, 3.30, -0.57)
(0.58, 3.30, -0.57)
(0.58, 3.30, -0.57)
(0.58, 3.30, -0.57)
(0.58, 3.31, -0.57)
(0.58, 3.31, -0.57)
(0.58, 3.31, -0.57)
(0.58, 3.31, -0.57)
(0.58, 3.31, -0.57)
(0.58, 3.32, -0.57)
(0.58, 3.32, -0.57)
(0.58, 3.32, -0.57)
(0.58, 3.32, -0.57)
(0.58, 3.32, -0.57)
(0.58, 3.33, -0.57)
(0.58, 3.33, -0.57)
(0.58, 3.33, -0.57)
(0.58, 3.33, -0.57)
(0.58, 3.33, -0.57)
(0.58, 3.34, -0.57)
(0.58, 3.34, -0.57)
(0.58, 3.34, -0.57)
(0.58, 3.34, -0.57)
(0.58, 3.34, -0.57)
(0.58, 3.34, -0.57)
(0.58, 3.35, -0.57)
(0.58, 3.35, -0.57)
(0.58, 3.35, -0.57)
(0.58, 3.35, -0.58)
(0.58, 3.35, -0.58)
(0.58, 3.36, -0.58)
(0.58, 3.36, -0.58)
(0.58, 3.36, -0.58)
(0.58, 3.36, -0.58)
(0.58, 3.36, -0.58)
(0.58, 3.37, -0.58)
(0.58, 3.37, -0.58)
(0.58, 3.37, -0.58)
(0.58, 3.37, -0.58)
(0.58, 3.37, -0.58)
(0.58, 3.37, -0.58)
(0.58, 3.38, -0.58)
(0.58, 3.38, -0.58)
(0.58, 3.38, -0.58)
(0.58, 3.38, -0.58)
(0.58, 3.38, -0.58)
(0.58, 3.39, -0.58)
(0.58, 3.39, -0.58)
(0.58, 3.39, -0.58)
(0.59, 3.39, -0.58)
(0.59, 3.39, -0.58)
(0.59, 3.40, -0.58)
(0.59, 3.40, -0.58)
(0.59, 3.40, -0.58)
(0.59, 3.40, -0.58)
(0.59, 3.40, -0.58)
(0.59, 3.40, -0.58)
(0.59, 3.41, -0.58)
(0.59, 3.41, -0.58)
(0.59, 3.41, -0.58)
(0.59, 3.41, -0.58)
(0.59, 3.41, -0.58)
(0.59, 3.42, -0.58)
(0.59, 3.42, -0.58)
(0.59, 3.42, -0.58)
(0.59, 3.42, -0.58)
(0.59, 3.42, -0.58)
(0.59, 3.43, -0.58)
(0.59, 3.43, -0.58)
(0.59, 3.43, -0.58)
(0.59, 3.43, -0.58)
(0.59, 3.43, -0.58)
(0.59, 3.43, -0.58)
(0.59, 3.44, -0.58)
(0.59, 3.44, -0.58)
(0.59, 3.44, -0.58)
(0.59, 3.44, -0.58)
(0.59, 3.44, -0.58)
(0.59, 3.45, -0.58)
(0.59, 3.45, -0.58)
(0.59, 3.45, -0.58)
(0.59, 3.45, -0.58)
(0.59, 3.45, -0.58)
(0.59, 3.46, -0.58)
(0.59, 3.46, -0.58)
(0.59, 3.46, -0.58)
(0.59, 3.46, -0.58)
(0.59, 3.46, -0.58)
(0.59, 3.46, -0.58)
(0.59, 3.47, -0.58)
(0.59, 3.47, -0.58)
(0.59, 3.47, -0.59)
(0.59, 3.47, -0.59)
(0.59, 3.47, -0.59)
(0.59, 3.48, -0.59)
(0.59, 3.48, -0.59)
(0.59, 3.48, -0.59)
(0.59, 3.48, -0.59)
(0.59, 3.48, -0.59)
(0.59, 3.49, -0.59)
(0.59, 3.49, -0.59)
(0.59, 3.49, -0.59)
(0.59, 3.49, -0.59)
(0.59, 3.49, -0.59)
(0.59, 3.49, -0.59)
(0.59, 3.50, -0.59)
(0.59, 3.50, -0.59)
(0.59, 3.50, -0.59)
(0.59, 3.50, -0.59)
(0.59, 3.50, -0.59)
(0.59, 3.51, -0.59)
(0.59, 3.51, -0.59)
(0.59, 3.51, -0.59)
(0.59, 3.51, -0.59)
(0.59, 3.51, -0.59)
(0.59, 3.52, -0.59)
(0.59, 3.52, -0.59)
(0.59, 3.52, -0.59)
(0.59, 3.52, -0.59)
(0.59, 3.52, -0.59)
(0.59, 3.52, -0.59)
(0.59, 3.53, -0.59)
(0.59, 3.53, -0.59)
(0.59, 3.53, -0.59)
(0.59, 3.53, -0.59)
(0.59, 3.53, -0.59)
(0.59, 3.54, -0.59)
(0.59, 3.54, -0.59)
(0.59, 3.54, -0.59)
(0.59, 3.54, -0.59)
(0.59, 3.54, -0.59)
(0.59, 3.55, -0.59)
(0.59, 3.55, -0.59)
(0.60, 3.55, -0.59)
(0.60, 3.55, -0.59)
(0.60, 3.55, -0.59)
(0.60, 3.56, -0.59)
(0.60, 3.56, -0.59)
(0.60, 3.56, -0.59)
(0.60, 3.56, -0.59)
(0.60, 3.56, -0.59)
(0.60, 3.56, -0.59)
(0.60, 3.57, -0.59)
(0.60, 3.57, -0.59)
(0.60, 3.57, -0.59)
(0.60, 3.57, -0.59)
(0.60, 3.57, -0.59)
(0.60, 3.58, -0.59)
(0.60, 3.58, -0.59)
(0.60, 3.58, -0.59)
(0.60, 3.58, -0.59)
(0.60, 3.58, -0.59)
(0.60, 3.59, -0.59)
(0.60, 3.59, -0.59)
(0.60, 3.59, -0.59)
(0.60, 3.59, -0.59)
(0.60, 3.59, -0.59)
(0.60, 3.59, -0.59)
(0.60, 3.60, -0.59)
(0.60, 3.60, -0.59)
(0.60, 3.60, -0.59)
(0.60, 3.60, -0.59)
(0.60, 3.60, -0.59)
(0.60, 3.61, -0.59)
(0.60, 3.61, -0.59)
(0.60, 3.61, -0.59)
(0.60, 3.61, -0.59)
(0.60, 3.61, -0.59)
(0.60, 3.62, -0.59)
(0.60, 3.62, -0.59)
(0.60, 3.62, -0.59)
(0.60, 3.62, -0.59)
(0.60, 3.62, -0.59)
(0.60, 3.62, -0.59)
(0.60, 3.63, -0.59)
(0.60, 3.63, -0.59)
(0.60, 3.63, -0.59)
(0.60, 3.63, -0.60)
(0.60, 3.63, -0.60)
(0.60, 3.64, -0.60)
(0.60, 3.64, -0.60)
(0.60, 3.64, -0.60)
(0.60, 3.64, -0.60)
(0.60, 3.64, -0.60)
(0.60, 3.65, -0.60)
(0.60, 3.65, -0.60)
(0.60, 3.65, -0.60)
(0.60, 3.65, -0.60)
(0.60, 3.65, -0.60)
(0.60, 3.65, -0.60)
(0.60, 3.66, -0.60)
(0.60, 3.66, -0.60)
(0.60, 3.66, -0.60)
(0.60, 3.66, -0.60)
(0.60, 3.66, -0.60)
(0.60, 3.67, -0.60)
(0.60, 3.67, -0.60)
(0.60, 3.67, -0.60)
(0.60, 3.67, -0.60)
(0.60, 3.67, -0.60)
(0.60, 3.68, -0.60)
(0.60, 3.68, -0.60)
(0.60, 3.68, -0.60)
(0.60, 3.68, -0.60)
(0.60, 3.68, -0.60)
(0.60, 3.68, -0.60)
(0.60, 3.69, -0.60)
(0.60, 3.69, -0.60)
(0.60, 3.69, -0.60)
(0.60, 3.69, -0.60)
(0.60, 3.69, -0.60)
(0.60, 3.70, -0.60)
(0.60, 3.70, -0.60)
(0.60, 3.70, -0.60)
(0.60, 3.70, -0.60)
(0.60, 3.70, -0.60)
(0.60, 3.71, -0.60)
(0.60, 3.71, -0.60)
(0.60, 3.71, -0.60)
(0.60, 3.71, -0.60)
(0.60, 3.71, -0.60)
(0.60, 3.71, -0.60)
(0.60, 3.72, -0.60)
(0.60, 3.72, -0.60)
(0.60, 3.72, -0.60)
(0.60, 3.72, -0.60)
(0.60, 3.72, -0.60)
(0.60, 3.73, -0.60)
(0.60, 3.73, -0.60)
(0.60, 3.73, -0.60)
(0.60, 3.73, -0.60)
(0.60, 3.73, -0.60)
(0.60, 3.74, -0.60)
(0.60, 3.74, -0.60)
(0.60, 3.74, -0.60)
(0.60, 3.74, -0.60)
(0.60, 3.74, -0.60)
(0.60, 3.75, -0.60)
(0.60, 3.75, -0.60)
(0.60, 3.75, -0.60)
(0.60, 3.75, -0.60)
(0.60, 3.75, -0.60)
(0.60, 3.75, -0.60)
(0.60, 3.76, -0.60)
(0.60, 3.76, -0.60)
(0.60, 3.76, -0.60)
(0.60, 3.76, -0.60)
(0.60, 3.76, -0.60)
(0.60, 3.77, -0.60)
(0.60, 3.77, -0.60)
(0.60, 3.77, -0.60)
(0.60, 3.77, -0.60)
(0.60, 3.77, -0.60)
(0.60, 3.78, -0.60)
(0.61, 3.78, -0.60)
(0.61, 3.78, -0.60)
(0.61, 3.78, -0.60)
(0.61, 3.78, -0.60)
(0.61, 3.78, -0.60)
(0.61, 3.79, -0.60)
(0.61, 3.79, -0.60)
(0.61, 3.79, -0.60)
(0.61, 3.79, -0.60)
(0.61, 3.79, -0.60)
(0.61, 3.80, -0.60)
(0.61, 3.80, -0.60)
(0.61, 3.80, -0.60)
(0.61, 3.80, -0.60)
(0.61, 3.80, -0.60)
(0.61, 3.81, -0.60)
(0.61, 3.81, -0.60)
(0.61, 3.81, -0.60)
(0.61, 3.81, -0.60)
(0.61, 3.81, -0.60)
(0.61, 3.81, -0.60)
(0.61, 3.82, -0.60)
(0.61, 3.82, -0.60)
(0.61, 3.82, -0.60)
(0.61, 3.82, -0.60)
(0.61, 3.82, -0.60)
(0.61, 3.83, -0.60)
(0.61, 3.83, -0.60)
(0.61, 3.83, -0.60)
(0.61, 3.83, -0.60)
(0.61, 3.83, -0.60)
(0.61, 3.84, -0.60)
(0.61, 3.84, -0.60)
(0.61, 3.84, -0.60)
(0.61, 3.84, -0.60)
(0.61, 3.84, -0.60)
(0.61, 3.84, -0.60)
(0.61, 3.85, -0.60)
(0.61, 3.85, -0.60)
(0.61, 3.85, -0.60)
(0.61, 3.85, -0.60)
(0.61, 3.85, -0.60)
(0.61, 3.86, -0.60)
(0.61, 3.86, -0.60)
(0.61, 3.86, -0.60)
(0.61, 3.86, -0.61)
(0.61, 3.86, -0.61)
(0.61, 3.87, -0.61)
(0.61, 3.87, -0.61)
(0.61, 3.87, -0.61)
(0.61, 3.87, -0.61)
(0.61, 3.87, -0.61)
(0.61, 3.87, -0.61)
(0.61, 3.88, -0.61)
(0.61, 3.88, -0.61)
(0.61, 3.88, -0.61)
(0.61, 3.88, -0.61)
(0.61, 3.88, -0.61)
(0.61, 3.89, -0.61)
(0.61, 3.89, -0.61)
(0.61, 3.89, -0.61)
(0.61, 3.89, -0.61)
(0.61, 3.89, -0.61)
(0.61, 3.90, -0.61)
(0.61, 3.90, -0.61)
(0.61, 3.90, -0.61)
(0.61, 3.90, -0.61)
(0.61, 3.90, -0.61)
(0.61, 3.90, -0.61)
(0.61, 3.91, -0.61)
(0.61, 3.91, -0.61)
(0.61, 3.91, -0.61)
(0.61, 3.91, -0.61)
(0.61, 3.91, -0.61)
(0.61, 3.92, -0.61)
(0.61, 3.92, -0.61)
(0.61, 3.92, -0.61)
(0.61, 3.92, -0.61)
(0.61, 3.92, -0.61)
(0.61, 3.93, -0.61)
(0.61, 3.93, -0.61)
(0.61, 3.93, -0.61)
(0.61, 3.93, -0.61)
(0.61, 3.93, -0.61)
(0.61, 3.93, -0.61)
(0.61, 3.94, -0.61)
(0.61, 3.94, -0.61)
(0.61, 3.94, -0.61)
(0.61, 3.94, -0.61)
(0.61, 3.94, -0.61)
(0.61, 3.95, -0.61)
(0.61, 3.95, -0.61)
(0.61, 3.95, -0.61)
(0.61, 3.95, -0.61)
(0.61, 3.95, -0.61)
(0.61, 3.96, -0.61)
(0.61, 3.96, -0.61)
(0.61, 3.96, -0.61)
(0.61, 3.96, -0.61)
(0.61, 3.96, -0.61)
(0.61, 3.97, -0.61)
(0.61, 3.97, -0.61)
(0.61, 3.97, -0.61)
(0.61, 3.97, -0.61)
(0.61, 3.97, -0.61)
(0.61, 3.97, -0.61)
(0.61, 3.98, -0.61)
(0.61, 3.98, -0.61)
(0.61, 3.98, -0.61)
(0.61, 3.98, -0.61)
(0.61, 3.98, -0.61)
(0.61, 3.99, -0.61)
(0.61, 3.99, -0.61)
(0.61, 3.99, -0.61)
(0.61, 3.99, -0.61)
(0.61, 3.99, -0.61)
(0.61, 4.00, -0.61)
(0.61, 4.00, -0.61)
(0.61, 4.00, -0.61)
(0.61, 4.00, -0.61)
(0.61, 4.00, -0.61)
(0.61, 4.00, -0.61)
(0.61, 4.01, -0.61)
(0.61, 4.01, -0.61)
(0.61, 4.01, -0.61)
(0.61, 4.01, -0.61)
(0.61, 4.01, -0.61)
(0.61, 4.02, -0.61)
(0.61, 4.02, -0.61)
(0.61, 4.02, -0.61)
(0.61, 4.02, -0.61)
(0.61, 4.02, -0.61)
(0.61, 4.03, -0.61)
(0.61, 4.03, -0.61)
(0.61, 4.03, -0.61)
(0.61, 4.03, -0.61)
(0.61, 4.03, -0.61)
(0.61, 4.03, -0.61)
(0.61, 4.04, -0.61)
(0.61, 4.04, -0.61)
(0.61, 4.04, -0.61)
(0.61, 4.04, -0.61)
(0.61, 4.04, -0.61)
(0.61, 4.05, -0.61)
(0.61, 4.05, -0.61)
(0.61, 4.05, -0.61)
(0.61, 4.05, -0.61)
(0.61, 4.05, -0.61)
(0.61, 4.06, -0.61)
(0.61, 4.06, -0.61)
(0.61, 4.06, -0.61)
(0.61, 4.06, -0.61)
(0.61, 4.06, -0.61)
(0.61, 4.06, -0.61)
(0.61, 4.07, -0.61)
(0.61, 4.07, -0.61)
(0.61, 4.07, -0.61)
(0.61, 4.07, -0.61)
(0.61, 4.07, -0.61)
(0.61, 4.08, -0.61)
(0.61, 4.08, -0.61)
(0.61, 4.08, -0.61)
(0.61, 4.08, -0.61)
(0.61, 4.08, -0.61)
(0.61, 4.09, -0.61)
(0.61, 4.09, -0.61)
(0.61, 4.09, -0.61)
(0.61, 4.09, -0.61)
(0.61, 4.09, -0.61)
(0.61, 4.09, -0.61)
(0.61, 4.10, -0.61)
(0.61, 4.10, -0.61)
(0.61, 4.10, -0.61)
(0.61, 4.10, -0.61)
(0.61, 4.10, -0.61)
(0.61, 4.11, -0.61)
(0.61, 4.11, -0.61)
(0.61, 4.11, -0.61)
(0.61, 4.11, -0.61)
(0.61, 4.11, -0.61)
(0.61, 4.12, -0.61)
(0.61, 4.12, -0.61)
(0.61, 4.12, -0.61)
(0.61, 4.12, -0.61)
(0.61, 4.12, -0.61)
(0.61, 4.12, -0.61)
(0.61, 4.13, -0.61)
(0.61, 4.13, -0.61)
(0.61, 4.13, -0.61)
(0.61, 4.13, -0.61)
(0.61, 4.13, -0.61)
(0.61, 4.14, -0.61)
(0.61, 4.14, -0.61)
(0.61, 4.14, -0.61)
(0.61, 4.14, -0.61)
(0.61, 4.14, -0.61)
(0.61, 4.15, -0.61)
(0.61, 4.15, -0.61)
(0.61, 4.15, -0.61)
(0.61, 4.15, -0.61)
(0.61, 4.15, -0.61)
(0.61, 4.16, -0.61)
(0.61, 4.16, -0.61)
(0.61, 4.16, -0.61)
(0.61, 4.16, -0.61)
(0.61, 4.16, -0.61)
(0.61, 4.16, -0.61)
(0.61, 4.17, -0.61)
(0.61, 4.17, -0.61)
(0.61, 4.17, -0.61)
(0.61, 4.17, -0.61)
(0.61, 4.17, -0.61)
(0.61, 4.18, -0.61)
(0.61, 4.18, -0.61)
(0.61, 4.18, -0.61)
(0.61, 4.18, -0.61)
(0.61, 4.18, -0.61)
(0.61, 4.19, -0.61)
(0.61, 4.19, -0.61)
(0.61, 4.19, -0.61)
(0.61, 4.19, -0.61)
(0.61, 4.19, -0.61)
(0.61, 4.19, -0.61)
(0.61, 4.20, -0.61)
(0.61, 4.20, -0.61)
(0.61, 4.20, -0.61)
(0.61, 4.20, -0.61)
(0.61, 4.20, -0.61)
(0.61, 4.21, -0.61)
(0.61, 4.21, -0.61)
(0.62, 4.21, -0.61)
(0.62, 4.21, -0.61)
(0.62, 4.21, -0.61)
(0.62, 4.22, -0.61)
(0.62, 4.22, -0.61)
(0.62, 4.22, -0.61)
(0.62, 4.22, -0.61)
(0.62, 4.22, -0.61)
(0.62, 4.22, -0.61)
(0.62, 4.23, -0.61)
(0.62, 4.23, -0.61)
(0.62, 4.23, -0.61)
(0.62, 4.23, -0.61)
(0.62, 4.23, -0.61)
(0.62, 4.24, -0.61)
(0.62, 4.24, -0.61)
(0.62, 4.24, -0.61)
(0.62, 4.24, -0.61)
(0.62, 4.24, -0.61)
(0.62, 4.25, -0.61)
(0.62, 4.25, -0.61)
(0.62, 4.25, -0.61)
(0.62, 4.25, -0.61)
(0.62, 4.25, -0.61)
(0.62, 4.25, -0.61)
(0.62, 4.26, -0.61)
(0.62, 4.26, -0.61)
(0.62, 4.26, -0.61)
(0.62, 4.26, -0.61)
(0.62, 4.26, -0.61)
(0.62, 4.27, -0.61)
(0.62, 4.27, -0.61)
(0.62, 4.27, -0.61)
(0.62, 4.27, -0.61)
(0.62, 4.27, -0.61)
(0.62, 4.28, -0.61)
(0.62, 4.28, -0.61)
(0.62, 4.28, -0.61)
(0.62, 4.28, -0.61)
(0.62, 4.28, -0.61)
(0.62, 4.28, -0.61)
(0.62, 4.29, -0.61)
(0.62, 4.29, -0.61)
(0.62, 4.29, -0.61)
(0.62, 4.29, -0.61)
(0.62, 4.29, -0.61)
(0.62, 4.30, -0.61)
(0.62, 4.30, -0.61)
(0.62, 4.30, -0.61)
(0.62, 4.30, -0.61)
(0.62, 4.30, -0.61)
(0.62, 4.31, -0.61)
(0.62, 4.31, -0.61)
(0.62, 4.31, -0.61)
(0.62, 4.31, -0.61)
(0.62, 4.31, -0.61)
(0.62, 4.31, -0.61)
(0.62, 4.32, -0.62)
(0.62, 4.32, -0.62)
(0.62, 4.32, -0.62)
(0.62, 4.32, -0.62)
(0.62, 4.32, -0.62)
(0.62, 4.33, -0.62)
(0.62, 4.33, -0.62)
(0.62, 4.33, -0.62)
(0.62, 4.33, -0.62)
(0.62, 4.33, -0.62)
(0.62, 4.34, -0.62)
(0.62, 4.34, -0.62)
(0.62, 4.34, -0.62)
(0.62, 4.34, -0.62)
(0.62, 4.34, -0.62)
(0.62, 4.35, -0.62)
(0.62, 4.35, -0.62)
(0.62, 4.35, -0.62)
(0.62, 4.35, -0.62)
(0.62, 4.35, -0.62)
(0.62, 4.35, -0.62)
(0.62, 4.36, -0.62)
(0.62, 4.36, -0.62)
(0.62, 4.36, -0.62)
(0.62, 4.36, -0.62)
(0.62, 4.36, -0.62)
(0.62, 4.37, -0.62)
(0.62, 4.37, -0.62)
(0.62, 4.37, -0.62)
(0.62, 4.37, -0.62)
(0.62, 4.37, -0.62)
(0.62, 4.38, -0.62)
(0.62, 4.38, -0.62)
(0.62, 4.38, -0.62)
(0.62, 4.38, -0.62)
(0.62, 4.38, -0.62)
(0.62, 4.38, -0.62)
(0.62, 4.39, -0.62)
(0.62, 4.39, -0.62)
(0.62, 4.39, -0.62)
(0.62, 4.39, -0.62)
(0.62, 4.39, -0.62)
(0.62, 4.40, -0.62)
(0.62, 4.40, -0.62)
(0.62, 4.40, -0.62)
(0.62, 4.40, -0.62)
(0.62, 4.40, -0.62)
(0.62, 4.41, -0.62)
(0.62, 4.41, -0.62)
(0.62, 4.41, -0.62)
(0.62, 4.41, -0.62)
(0.62, 4.41, -0.62)
(0.62, 4.41, -0.62)
(0.62, 4.42, -0.62)
(0.62, 4.42, -0.62)
(0.62, 4.42, -0.62)
(0.62, 4.42, -0.62)
(0.62, 4.42, -0.62)
(0.62, 4.43, -0.62)
(0.62, 4.43, -0.62)
(0.62, 4.43, -0.62)
(0.62, 4.43, -0.62)
(0.62, 4.43, -0.62)
(0.62, 4.44, -0.62)
(0.62, 4.44, -0.62)
(0.62, 4.44, -0.62)
(0.62, 4.44, -0.62)
(0.62, 4.44, -0.62)
(0.62, 4.44, -0.62)
(0.62, 4.45, -0.62)
(0.62, 4.45, -0.62)
(0.62, 4.45, -0.62)
(0.62, 4.45, -0.62)
(0.62, 4.45, -0.62)
(0.62, 4.46, -0.62)
(0.62, 4.46, -0.62)
(0.62, 4.46, -0.62)
(0.62, 4.46, -0.62)
(0.62, 4.46, -0.62)
(0.62, 4.47, -0.62)
(0.62, 4.47, -0.62)
(0.62, 4.47, -0.62)
(0.62, 4.47, -0.62)
(0.62, 4.47, -0.62)
(0.62, 4.47, -0.62)
(0.62, 4.48, -0.62)
(0.62, 4.48, -0.62)
(0.62, 4.48, -0.62)
(0.62, 4.48, -0.62)
(0.62, 4.48, -0.62)
(0.62, 4.49, -0.62)
(0.62, 4.49, -0.62)
(0.62, 4.49, -0.62)
(0.62, 4.49, -0.62)
(0.62, 4.49, -0.62)
(0.62, 4.50, -0.62)
(0.62, 4.50, -0.62)
(0.62, 4.50, -0.62)
(0.62, 4.50, -0.62)
(0.62, 4.50, -0.62)
(0.62, 4.50, -0.62)
(0.62, 4.51, -0.62)
(0.62, 4.51, -0.62)
(0.62, 4.51, -0.62)
(0.62, 4.51, -0.62)
(0.62, 4.51, -0.62)
(0.62, 4.52, -0.62)
(0.62, 4.52, -0.62)
(0.62, 4.52, -0.62)
(0.62, 4.52, -0.62)
(0.62, 4.52, -0.62)
(0.62, 4.53, -0.62)
(0.62, 4.53, -0.62)
(0.62, 4.53, -0.62)
(0.62, 4.53, -0.62)
(0.62, 4.53, -0.62)
(0.62, 4.54, -0.62)
(0.62, 4.54, -0.62)
(0.62, 4.54, -0.62)
(0.62, 4.54, -0.62)
(0.62, 4.54, -0.62)
(0.62, 4.54, -0.62)
(0.62, 4.55, -0.62)
(0.62, 4.55, -0.62)
(0.62, 4.55, -0.62)
(0.62, 4.55, -0.62)
(0.62, 4.55, -0.62)
(0.62, 4.56, -0.62)
(0.62, 4.56, -0.62)
(0.62, 4.56, -0.62)
(0.62, 4.56, -0.62)
(0.62, 4.56, -0.62)
(0.62, 4.57, -0.62)
(0.62, 4.57, -0.62)
(0.62, 4.57, -0.62)
(0.62, 4.57, -0.62)
(0.62, 4.57, -0.62)
(0.62, 4.57, -0.62)
(0.62, 4.58, -0.62)
(0.62, 4.58, -0.62)
(0.62, 4.58, -0.62)
(0.62, 4.58, -0.62)
(0.62, 4.58, -0.62)
(0.62, 4.59, -0.62)
(0.62, 4.59, -0.62)
(0.62, 4.59, -0.62)
(0.62, 4.59, -0.62)
(0.62, 4.59, -0.62)
(0.62, 4.60, -0.62)
(0.62, 4.60, -0.62)
(0.62, 4.60, -0.62)
(0.62, 4.60, -0.62)
(0.62, 4.60, -0.62)
(0.62, 4.60, -0.62)
(0.62, 4.61, -0.62)
(0.62, 4.61, -0.62)
(0.62, 4.61, -0.62)
(0.62, 4.61, -0.62)
(0.62, 4.61, -0.62)
(0.62, 4.62, -0.62)
(0.62, 4.62, -0.62)
(0.62, 4.62, -0.62)
(0.62, 4.62, -0.62)
(0.62, 4.62, -0.62)
(0.62, 4.63, -0.62)
(0.62, 4.63, -0.62)
(0.62, 4.63, -0.62)
(0.62, 4.63, -0.62)
(0.62, 4.63, -0.62)
(0.62, 4.63, -0.62)
(0.62, 4.64, -0.62)
(0.62, 4.64, -0.62)
(0.62, 4.64, -0.62)
(0.62, 4.64, -0.62)
(0.62, 4.64, -0.62)
(0.62, 4.65, -0.62)
(0.62, 4.65, -0.62)
(0.62, 4.65, -0.62)
(0.62, 4.65, -0.62)
(0.62, 4.65, -0.62)
(0.62, 4.66, -0.62)
(0.62, 4.66, -0.62)
(0.62, 4.66, -0.62)
(0.62, 4.66, -0.62)
(0.62, 4.66, -0.62)
(0.62, 4.66, -0.62)
(0.62, 4.67, -0.62)
(0.62, 4.67, -0.62)
(0.62, 4.67, -0.62)
(0.62, 4.67, -0.62)
(0.62, 4.67, -0.62)
(0.62, 4.68, -0.62)
(0.62, 4.68, -0.62)
(0.62, 4.68, -0.62)
(0.62, 4.68, -0.62)
(0.62, 4.68, -0.62)
(0.62, 4.69, -0.62)
(0.62, 4.69, -0.62)
(0.62, 4.69, -0.62)
(0.62, 4.69, -0.62)
(0.62, 4.69, -0.62)
(0.62, 4.69, -0.62)
(0.62, 4.70, -0.62)
(0.62, 4.70, -0.62)
(0.62, 4.70, -0.62)
(0.62, 4.70, -0.62)
(0.62, 4.70, -0.62)
(0.62, 4.71, -0.62)
(0.62, 4.71, -0.62)
(0.62, 4.71, -0.62)
(0.62, 4.71, -0.62)
(0.62, 4.71, -0.62)
(0.62, 4.72, -0.62)
(0.62, 4.72, -0.62)
(0.62, 4.72, -0.62)
(0.62, 4.72, -0.62)
(0.62, 4.72, -0.62)
(0.62, 4.73, -0.62)
(0.62, 4.73, -0.62)
(0.62, 4.73, -0.62)
(0.62, 4.73, -0.62)
(0.62, 4.73, -0.62)
(0.62, 4.73, -0.62)
(0.62, 4.74, -0.62)
(0.62, 4.74, -0.62)
(0.62, 4.74, -0.62)
(0.62, 4.74, -0.62)
(0.62, 4.74, -0.62)
(0.62, 4.75, -0.62)
(0.62, 4.75, -0.62)
(0.62, 4.75, -0.62)
(0.62, 4.75, -0.62)
(0.62, 4.75, -0.62)
(0.62, 4.76, -0.62)
(0.62, 4.76, -0.62)
(0.62, 4.76, -0.62)
(0.62, 4.76, -0.62)
(0.62, 4.76, -0.62)
(0.62, 4.76, -0.62)
(0.62, 4.77, -0.62)
(0.62, 4.77, -0.62)
(0.62, 4.77, -0.62)
(0.62, 4.77, -0.62)
(0.62, 4.77, -0.62)
(0.62, 4.78, -0.62)
(0.62, 4.78, -0.62)
(0.62, 4.78, -0.62)
(0.62, 4.78, -0.62)
(0.62, 4.78, -0.62)
(0.62, 4.79, -0.62)
(0.62, 4.79, -0.62)
(0.62, 4.79, -0.62)
(0.62, 4.79, -0.62)
(0.62, 4.79, -0.62)
(0.62, 4.79, -0.62)
(0.62, 4.80, -0.62)
(0.62, 4.80, -0.62)
(0.62, 4.80, -0.62)
(0.62, 4.80, -0.62)
(0.62, 4.80, -0.62)
(0.62, 4.81, -0.62)
(0.62, 4.81, -0.62)
(0.62, 4.81, -0.62)
(0.62, 4.81, -0.62)
(0.62, 4.81, -0.62)
(0.62, 4.82, -0.62)
(0.62, 4.82, -0.62)
(0.62, 4.82, -0.62)
(0.62, 4.82, -0.62)
(0.62, 4.82, -0.62)
(0.62, 4.82, -0.62)
(0.62, 4.83, -0.62)
(0.62, 4.83, -0.62)
(0.62, 4.83, -0.62)
(0.62, 4.83, -0.62)
(0.62, 4.83, -0.62)
(0.62, 4.84, -0.62)
(0.62, 4.84, -0.62)
(0.62, 4.84, -0.62)
(0.62, 4.84, -0.62)
(0.62, 4.84, -0.62)
(0.62, 4.85, -0.62)
(0.62, 4.85, -0.62)
(0.62, 4.85, -0.62)
(0.62, 4.85, -0.62)
(0.62, 4.85, -0.62)
(0.62, 4.85, -0.62)
(0.62, 4.86, -0.62)
(0.62, 4.86, -0.62)
(0.62, 4.86, -0.62)
(0.62, 4.86, -0.62)
(0.62, 4.86, -0.62)
(0.62, 4.87, -0.62)
(0.62, 4.87, -0.62)
(0.62, 4.87, -0.62)
(0.62, 4.87, -0.62)
(0.62, 4.87, -0.62)
(0.62, 4.88, -0.62)
(0.62, 4.88, -0.62)
(0.62, 4.88, -0.62)
(0.62, 4.88, -0.62)
(0.62, 4.88, -0.62)
(0.62, 4.88, -0.62)
(0.62, 4.89, -0.62)
(0.62, 4.89, -0.62)
(0.62, 4.89, -0.62)
(0.62, 4.89, -0.62)
(0.62, 4.89, -0.62)
(0.62, 4.90, -0.62)
(0.62, 4.90, -0.62)
(0.62, 4.90, -0.62)
(0.62, 4.90, -0.62)
(0.62, 4.90, -0.62)
(0.62, 4.91, -0.62)
(0.62, 4.91, -0.62)
(0.62, 4.91, -0.62)
(0.62, 4.91, -0.62)
(0.62, 4.91, -0.62)
(0.62, 4.92, -0.62)
(0.62, 4.92, -0.62)
(0.62, 4.92, -0.62)
(0.62, 4.92, -0.62)
(0.62, 4.92, -0.62)
(0.62, 4.92, -0.62)
(0.62, 4.93, -0.62)
(0.62, 4.93, -0.62)
(0.62, 4.93, -0.62)
(0.62, 4.93, -0.62)
(0.62, 4.93, -0.62)
(0.62, 4.94, -0.62)
(0.62, 4.94, -0.62)
(0.62, 4.94, -0.62)
(0.62, 4.94, -0.62)
(0.62, 4.94, -0.62)
(0.62, 4.95, -0.62)
(0.62, 4.95, -0.62)
(0.62, 4.95, -0.62)
(0.62, 4.95, -0.62)
(0.62, 4.95, -0.62)
(0.62, 4.95, -0.62)
(0.62, 4.96, -0.62)
(0.62, 4.96, -0.62)
(0.62, 4.96, -0.62)
(0.62, 4.96, -0.62)
(0.62, 4.96, -0.62)
(0.62, 4.97, -0.62)
(0.62, 4.97, -0.62)
(0.62, 4.97, -0.62)
(0.62, 4.97, -0.62)
(0.62, 4.97, -0.62)
(0.62, 4.98, -0.62)
(0.62, 4.98, -0.62)
(0.62, 4.98, -0.62)
(0.62, 4.98, -0.62)
(0.62, 4.98, -0.62)
(0.62, 4.98, -0.62)
(0.62, 4.99, -0.62)
(0.62, 4.99, -0.62)
(0.62, 4.99, -0.62)
(0.62, 4.99, -0.62)
(0.62, 4.99, -0.62)
(0.62, 5.00, -0.62)
(0.62, 5.00, -0.62)
(0.62, 5.00, -0.62)
(0.62, 5.00, -0.62)
(0.62, 5.00, -0.62)
(0.62, 5.01, -0.62)
(0.62, 5.01, -0.62)
(0.62, 5.01, -0.62)
(0.62, 5.01, -0.62)
(0.62, 5.01, -0.62)
(0.62, 5.01, -0.62)
(0.62, 5.02, -0.62)
(0.62, 5.02, -0.62)
(0.62, 5.02, -0.62)
(0.62, 5.02, -0.62)
(0.62, 5.02, -0.62)
(0.62, 5.03, -0.62)
(0.62, 5.03, -0.62)
(0.62, 5.03, -0.62)
(0.62, 5.03, -0.62)
(0.62, 5.03, -0.62)
(0.62, 5.04, -0.62)
(0.62, 5.04, -0.62)
(0.62, 5.04, -0.62)
(0.62, 5.04, -0.62)
(0.62, 5.04, -0.62)
(0.62, 5.04, -0.62)
(0.62, 5.05, -0.62)
(0.62, 5.05, -0.62)
(0.62, 5.05, -0.62)
(0.62, 5.05, -0.62)
(0.62, 5.05, -0.62)
(0.62, 5.06, -0.62)
(0.62, 5.06, -0.62)
(0.62, 5.06, -0.62)
(0.62, 5.06, -0.62)
(0.62, 5.06, -0.62)
(0.62, 5.07, -0.62)
(0.62, 5.07, -0.62)
(0.62, 5.07, -0.62)
(0.62, 5.07, -0.62)
(0.62, 5.07, -0.62)
(0.62, 5.07, -0.62)
(0.62, 5.08, -0.62)
(0.62, 5.08, -0.62)
(0.62, 5.08, -0.62)
(0.62, 5.08, -0.62)
(0.62, 5.08, -0.62)
(0.62, 5.09, -0.62)
(0.62, 5.09, -0.62)
(0.62, 5.09, -0.62)
(0.62, 5.09, -0.62)
(0.62, 5.09, -0.62)
(0.62, 5.10, -0.62)
(0.62, 5.10, -0.62)
(0.62, 5.10, -0.62)
(0.62, 5.10, -0.62)
(0.62, 5.10, -0.62)
(0.62, 5.11, -0.62)
(0.62, 5.11, -0.62)
(0.62, 5.11, -0.62)
(0.62, 5.11, -0.62)
(0.62, 5.11, -0.62)
(0.62, 5.11, -0.62)
(0.62, 5.12, -0.62)
(0.62, 5.12, -0.62)
(0.62, 5.12, -0.62)
(0.62, 5.12, -0.62)
(0.62, 5.12, -0.62)
(0.62, 5.13, -0.62)
(0.62, 5.13, -0.62)
(0.62, 5.13, -0.62)
(0.62, 5.13, -0.62)
(0.62, 5.13, -0.62)
(0.62, 5.14, -0.62)
(0.62, 5.14, -0.62)
(0.62, 5.14, -0.62)
(0.62, 5.14, -0.62)
(0.62, 5.14, -0.62)
(0.62, 5.14, -0.62)
(0.62, 5.15, -0.62)
(0.62, 5.15, -0.62)
(0.62, 5.15, -0.62)
(0.62, 5.15, -0.62)
(0.62, 5.15, -0.62)
(0.62, 5.16, -0.62)
(0.62, 5.16, -0.62)
(0.62, 5.16, -0.62)
(0.62, 5.16, -0.62)
(0.62, 5.16, -0.62)
(0.62, 5.17, -0.62)
(0.62, 5.17, -0.62)
(0.62, 5.17, -0.62)
(0.62, 5.17, -0.62)
(0.62, 5.17, -0.62)
(0.62, 5.17, -0.62)
(0.62, 5.18, -0.62)
(0.62, 5.18, -0.62)
(0.62, 5.18, -0.62)
(0.62, 5.18, -0.62)
(0.62, 5.18, -0.62)
(0.62, 5.19, -0.62)
(0.62, 5.19, -0.62)
(0.62, 5.19, -0.62)
(0.62, 5.19, -0.62)
(0.62, 5.19, -0.62)
(0.62, 5.20, -0.62)
(0.62, 5.20, -0.62)
(0.62, 5.20, -0.62)
(0.62, 5.20, -0.62)
(0.62, 5.20, -0.62)
(0.62, 5.20, -0.62)
(0.62, 5.21, -0.62)
(0.62, 5.21, -0.62)
(0.62, 5.21, -0.62)
(0.62, 5.21, -0.62)
(0.62, 5.21, -0.62)
(0.62, 5.22, -0.62)
(0.62, 5.22, -0.62)
(0.62, 5.22, -0.62)
(0.62, 5.22, -0.62)
(0.62, 5.22, -0.62)
(0.62, 5.23, -0.62)
(0.62, 5.23, -0.62)
(0.62, 5.23, -0.62)
(0.62, 5.23, -0.62)
(0.62, 5.23, -0.62)
(0.62, 5.23, -0.62)
(0.62, 5.24, -0.62)
(0.62, 5.24, -0.62)
(0.62, 5.24, -0.62)
(0.62, 5.24, -0.62)
(0.62, 5.24, -0.62)
(0.62, 5.25, -0.62)
(0.62, 5.25, -0.62)
(0.62, 5.25, -0.62)
(0.62, 5.25, -0.62)
(0.62, 5.25, -0.62)
(0.62, 5.26, -0.62)
(0.62, 5.26, -0.62)
(0.62, 5.26, -0.62)
(0.62, 5.26, -0.62)
(0.62, 5.26, -0.62)
(0.62, 5.26, -0.62)
(0.62, 5.27, -0.62)
(0.62, 5.27, -0.62)
(0.62, 5.27, -0.62)
(0.62, 5.27, -0.62)
(0.62, 5.27, -0.62)
(0.62, 5.28, -0.62)
(0.62, 5.28, -0.62)
(0.62, 5.28, -0.62)
(0.62, 5.28, -0.62)
(0.62, 5.28, -0.62)
(0.62, 5.29, -0.62)
(0.62, 5.29, -0.62)
(0.62, 5.29, -0.62)
(0.62, 5.29, -0.62)
(0.62, 5.29, -0.62)
(0.62, 5.30, -0.62)
(0.62, 5.30, -0.62)
(0.62, 5.30, -0.62)
(0.62, 5.30, -0.62)
(0.62, 5.30, -0.62)
(0.62, 5.30, -0.62)
(0.62, 5.31, -0.62)
(0.62, 5.31, -0.62)
(0.62, 5.31, -0.62)
(0.62, 5.31, -0.62)
(0.62, 5.31, -0.62)
(0.62, 5.32, -0.62)
(0.62, 5.32, -0.62)
(0.62, 5.32, -0.62)
(0.62, 5.32, -0.62)
(0.62, 5.32, -0.62)
(0.62, 5.33, -0.62)
(0.62, 5.33, -0.62)
(0.62, 5.33, -0.62)
(0.62, 5.33, -0.62)
(0.62, 5.33, -0.62)
(0.62, 5.33, -0.62)
(0.62, 5.34, -0.62)
(0.62, 5.34, -0.62)
(0.62, 5.34, -0.62)
(0.62, 5.34, -0.62)
(0.62, 5.34, -0.62)
(0.62, 5.35, -0.62)
(0.62, 5.35, -0.62)
(0.62, 5.35, -0.62)
(0.62, 5.35, -0.62)
(0.62, 5.35, -0.62)
(0.62, 5.36, -0.62)
(0.62, 5.36, -0.62)
(0.62, 5.36, -0.62)
(0.62, 5.36, -0.62)
(0.62, 5.36, -0.62)
(0.62, 5.36, -0.62)
(0.62, 5.37, -0.62)
(0.62, 5.37, -0.62)
(0.62, 5.37, -0.62)
(0.62, 5.37, -0.62)
(0.62, 5.37, -0.62)
(0.62, 5.38, -0.62)
(0.62, 5.38, -0.62)
(0.62, 5.38, -0.62)
(0.62, 5.38, -0.62)
(0.62, 5.38, -0.62)
(0.62, 5.39, -0.62)
(0.62, 5.39, -0.62)
(0.62, 5.39, -0.62)
(0.62, 5.39, -0.62)
(0.62, 5.39, -0.62)
(0.62, 5.39, -0.62)
(0.62, 5.40, -0.62)
(0.62, 5.40, -0.62)
(0.62, 5.40, -0.62)
(0.62, 5.40, -0.62)
(0.62, 5.40, -0.62)
(0.62, 5.41, -0.62)
(0.62, 5.41, -0.62)
(0.62, 5.41, -0.62)
(0.62, 5.41, -0.62)
(0.62, 5.41, -0.62)
(0.62, 5.42, -0.62)
(0.62, 5.42, -0.62)
(0.62, 5.42, -0.62)
(0.62, 5.42, -0.62)
(0.62, 5.42, -0.62)
(0.62, 5.42, -0.62)
(0.62, 5.43, -0.62)
(0.62, 5.43, -0.62)
(0.62, 5.43, -0.62)
(0.62, 5.43, -0.62)
(0.62, 5.43, -0.62)
(0.62, 5.44, -0.62)
(0.62, 5.44, -0.62)
(0.62, 5.44, -0.62)
(0.62, 5.44, -0.62)
(0.62, 5.44, -0.62)
(0.62, 5.45, -0.62)
(0.62, 5.45, -0.62)
(0.62, 5.45, -0.62)
(0.62, 5.45, -0.62)
(0.62, 5.45, -0.62)
(0.62, 5.45, -0.62)
(0.62, 5.46, -0.62)
(0.62, 5.46, -0.62)
(0.62, 5.46, -0.62)
(0.62, 5.46, -0.62)
(0.62, 5.46, -0.62)
(0.62, 5.47, -0.62)
(0.62, 5.47, -0.62)
(0.62, 5.47, -0.62)
(0.62, 5.47, -0.62)
(0.62, 5.47, -0.62)
(0.62, 5.48, -0.62)
(0.62, 5.48, -0.62)
(0.62, 5.48, -0.62)
(0.62, 5.48, -0.62)
(0.62, 5.48, -0.62)
(0.62, 5.49, -0.62)
(0.62, 5.49, -0.62)
(0.62, 5.49, -0.62)
(0.62, 5.49, -0.62)
(0.62, 5.49, -0.62)
(0.62, 5.49, -0.62)
(0.62, 5.50, -0.62)
(0.62, 5.50, -0.62)
(0.62, 5.50, -0.62)
(0.62, 5.50, -0.62)
(0.62, 5.50, -0.62)
(0.62, 5.51, -0.62)
(0.62, 5.51, -0.62)
(0.62, 5.51, -0.62)
(0.62, 5.51, -0.62)
(0.62, 5.51, -0.62)
(0.62, 5.52, -0.62)
(0.62, 5.52, -0.62)
(0.62, 5.52, -0.62)
(0.62, 5.52, -0.62)
(0.62, 5.52, -0.62)
(0.62, 5.52, -0.62)
(0.62, 5.53, -0.62)
(0.62, 5.53, -0.62)
(0.62, 5.53, -0.62)
(0.62, 5.53, -0.62)
(0.62, 5.53, -0.62)
(0.62, 5.54, -0.62)
(0.62, 5.54, -0.62)
(0.62, 5.54, -0.62)
(0.62, 5.54, -0.62)
(0.62, 5.54, -0.62)
(0.62, 5.55, -0.62)
(0.62, 5.55, -0.62)
(0.62, 5.55, -0.62)
(0.62, 5.55, -0.62)
(0.62, 5.55, -0.62)
(0.62, 5.55, -0.62)
(0.62, 5.56, -0.62)
(0.62, 5.56, -0.62)
(0.62, 5.56, -0.62)
(0.62, 5.56, -0.62)
(0.62, 5.56, -0.62)
(0.62, 5.57, -0.62)
(0.62, 5.57, -0.62)
(0.62, 5.57, -0.62)
(0.62, 5.57, -0.62)
(0.62, 5.57, -0.62)
(0.62, 5.58, -0.62)
(0.62, 5.58, -0.62)
(0.62, 5.58, -0.62)
(0.62, 5.58, -0.62)
(0.62, 5.58, -0.62)
(0.62, 5.58, -0.62)
(0.62, 5.59, -0.62)
(0.62, 5.59, -0.62)
(0.62, 5.59, -0.62)
(0.62, 5.59, -0.62)
(0.62, 5.59, -0.62)
(0.62, 5.60, -0.62)
(0.62, 5.60, -0.62)
(0.62, 5.60, -0.62)
(0.62, 5.60, -0.62)
(0.62, 5.60, -0.62)
(0.62, 5.61, -0.62)
(0.62, 5.61, -0.62)
(0.62, 5.61, -0.62)
(0.62, 5.61, -0.62)
(0.62, 5.61, -0.62)
(0.62, 5.61, -0.62)
(0.62, 5.62, -0.62)
(0.62, 5.62, -0.62)
(0.62, 5.62, -0.62)
(0.62, 5.62, -0.62)
(0.62, 5.62, -0.62)
(0.62, 5.63, -0.62)
(0.62, 5.63, -0.62)
(0.62, 5.63, -0.62)
(0.62, 5.63, -0.62)
(0.62, 5.63, -0.62)
(0.62, 5.64, -0.62)
(0.62, 5.64, -0.62)
(0.62, 5.64, -0.62)
(0.62, 5.64, -0.62)
(0.62, 5.64, -0.62)
(0.62, 5.64, -0.62)
(0.62, 5.65, -0.62)
(0.62, 5.65, -0.62)
(0.62, 5.65, -0.62)
(0.62, 5.65, -0.62)
(0.62, 5.65, -0.62)
(0.62, 5.66, -0.62)
(0.62, 5.66, -0.62)
(0.62, 5.66, -0.62)
(0.62, 5.66, -0.62)
(0.62, 5.66, -0.62)
(0.62, 5.67, -0.62)
(0.62, 5.67, -0.62)
(0.62, 5.67, -0.62)
(0.62, 5.67, -0.62)
(0.62, 5.67, -0.62)
(0.62, 5.68, -0.62)
(0.62, 5.68, -0.62)
(0.62, 5.68, -0.62)
(0.62, 5.68, -0.62)
(0.62, 5.68, -0.62)
(0.62, 5.68, -0.62)
(0.62, 5.69, -0.62)
(0.62, 5.69, -0.62)
(0.62, 5.69, -0.62)
(0.62, 5.69, -0.62)
(0.62, 5.69, -0.62)
(0.62, 5.70, -0.62)
(0.6